1 0 5094
2 5094 9780
3 14874 1641
4 16515 730
5 17245 715
6 17960 2909
7 20869 1859
8 22728 2300
9 25028 3171
10 28199 2882
11 31081 2945
12 34026 2997
13 37023 2427
14 39450 2458
15 41908 2527
16 44435 843
17 45278 1585
18 46863 5819
19 52682 2567
20 55249 1277
21 56526 2034
22 58560 1569
23 60129 2887
24 63016 5792
25 68808 1184
26 69992 2811
27 72803 1833
28 74636 1226
29 75862 1110
30 76972 1767
31 78739 5981
33 84720 3429
34 88149 1584
35 89733 602
36 90335 2693
37 93028 888
38 93916 5750
39 99666 5200
40 104866 1602
41 106468 753
42 107221 782
43 108003 2474
44 110477 5789
45 116266 3727
46 119993 3703
47 123696 3661
51 127357 4042
55 131399 3826
56 135225 3745
62 138970 618
63 139588 5805
64 145393 674
65 146067 2794
66 148861 2857
67 151718 1082
68 152800 1265
69 154065 7570
70 161635 1474
71 163109 2286
72 165395 2082
73 167477 1447
74 168924 973
75 169897 1692
76 171589 2612
77 174201 1898
78 176099 17029
79 193128 1536
80 194664 4837
81 199501 2098
82 201599 2809
83 204408 6269
84 210677 513
85 211190 4022
86 215212 2030
87 217242 1202
88 218444 4648
89 223092 839
90 223931 2107
91 226038 1885
92 227923 4172
93 232095 4685
94 236780 9227
95 246007 4120
96 250127 2696
97 252823 830
98 253653 795
99 254448 898
100 255346 1043
101 256389 8490
102 264879 4209
103 269088 3210
104 272298 12842
105 285140 4559
106 289699 2356
107 292055 2412
108 294467 644
109 295111 1361
110 296472 10067
111 306539 21746
112 328285 856
113 329141 3498
114 332639 3819
115 336458 1407
116 337865 1052
117 338917 5744
118 344661 1197
119 345858 895
120 346753 10805
121 357558 1340
122 358898 17710
123 376608 9458
124 386066 2828
125 388894 3955
126 392849 1340
127 394189 4583
128 398772 5940
129 404712 1044
130 405756 862
131 406618 2286
132 408904 8150
133 417054 3239
134 420293 1826
135 422119 514
136 422633 1532
137 424165 2260
138 426425 3792
139 430217 5918
140 436135 1314
141 437449 3152
142 440601 1224
143 441825 1298
144 443123 1088
145 444211 5520
146 449731 914
147 450645 4348
148 454993 327
149 455320 8859
150 464179 3574
151 467753 1590
152 469343 1322
153 470665 6379
154 477044 4056
155 481100 1234
156 482334 2927
157 485261 2640
158 487901 1763
159 489664 4094
160 493758 12800
161 506558 1458
162 508016 4013
163 512029 3563
164 515592 1348
165 516940 1071
166 518011 3942
167 521953 6856
169 528809 1567
170 530376 1501
171 531877 1436
172 533313 2414
173 535727 2141
174 537868 1730
175 539598 1747
176 541345 1138
177 542483 1619
178 544102 788
179 544890 7004
180 551894 8111
181 560005 1460
182 561465 1066
183 562531 4650
184 567181 2405
185 569586 1148
186 570734 6417
187 577151 1753
188 578904 7534
189 586438 2148
190 588586 6371
191 594957 3974
192 598931 1374
193 600305 8314
194 608619 6875
195 615494 9510
196 625004 3623
197 628627 2206
198 630833 3372
199 634205 4709
200 638914 1662
201 640576 3674
202 644250 1993
203 646243 3209
204 649452 2854
205 652306 7570
206 659876 403
207 660279 505
208 660784 11253
209 672037 4484
210 676521 3669
211 680190 9019
212 689209 3400
213 692609 2044
214 694653 1994
215 696647 7124
216 703771 6457
217 710228 3683
218 713911 2239
219 716150 14962
220 731112 6407
221 737519 1321
222 738840 1968
223 740808 2930
224 743738 2577
225 746315 2129
226 748444 1581
227 750025 733
228 750758 1383
229 752141 727
230 752868 379
231 753247 3980
233 757227 3055
234 760282 4157
235 764439 7600
236 772039 5430
237 777469 1348
239 778817 1165
240 779982 921
241 780903 1851
242 782754 2412
243 785166 5489
244 790655 2503
245 793158 8093
246 801251 2463
247 803714 908
248 804622 839
249 805461 1635
250 807096 2231
251 809327 7279
252 816606 1633
253 818239 4761
254 823000 2449
255 825449 3630
256 829079 2685
257 831764 6961
258 838725 2296
259 841021 3015
260 844036 4597
261 848633 2515
262 851148 2877
263 854025 1898
264 855923 1267
265 857190 4730
266 861920 1627
267 863547 996
268 864543 1595
269 866138 1793
270 867931 4602
271 872533 1666
272 874199 2678
273 876877 9342
274 886219 1870
275 888089 2627
276 890716 9083
277 899799 3544
278 903343 6151
279 909494 3362
280 912856 2949
281 915805 7875
282 923680 1727
283 925407 2194
284 927601 1640
285 929241 956
286 930197 2381
287 932578 1672
288 934250 1774
289 936024 15072
290 951096 7380
291 958476 3136
292 961612 1668
293 963280 1404
294 964684 7681
295 972365 1985
296 974350 2107
297 976457 1777
298 978234 1679
299 979913 2070
300 981983 1150
301 983133 8065
302 991198 11529
303 1002727 2027
304 1004754 3587
305 1008341 5149
306 1013490 5314
307 1018804 5142
308 1023946 6320
309 1030266 1013
310 1031279 7178
311 1038457 2923
312 1041380 9515
313 1050895 4199
314 1055094 6404
315 1061498 2865
316 1064363 1574
317 1065937 2901
318 1068838 3381
319 1072219 1752
320 1073971 5534
321 1079505 9052
322 1088557 167
323 1088724 2273
324 1090997 8400
325 1099397 6778
326 1106175 6440
327 1112615 3669
328 1116284 3362
329 1119646 2868
330 1122514 3394
331 1125908 450
332 1126358 2148
333 1128506 3906
335 1132412 2890
336 1135302 3559
337 1138861 2676
338 1141537 6541
339 1148078 9402
340 1157480 8419
341 1165899 10506
342 1176405 9673
343 1186078 10255
344 1196333 7937
345 1204270 5453
346 1209723 6223
348 1215946 3530
349 1219476 3969
351 1223445 1537
352 1224982 1642
353 1226624 3131
354 1229755 3493
357 1233248 5916
359 1239164 4573
360 1243737 3463
361 1247200 11583
362 1258783 5131
364 1263914 4785
365 1268699 1050
366 1269749 4146
367 1273895 3637
368 1277532 3422
371 1280954 4537
372 1285491 7965
373 1293456 2225
374 1295681 5517
375 1301198 4357
376 1305555 6511
377 1312066 4769
378 1316835 2147
379 1318982 2123
380 1321105 1473
381 1322578 3293
382 1325871 4575
383 1330446 4114
384 1334560 6215
385 1340775 8557
386 1349332 1833
387 1351165 5760
388 1356925 7254
389 1364179 1265
390 1365444 3400
391 1368844 4087
392 1372931 1606
393 1374537 7274
394 1381811 2734
395 1384545 10119
396 1394664 4272
397 1398936 5784
398 1404720 794
399 1405514 3736
400 1409250 1955
401 1411205 1987
402 1413192 3107
403 1416299 6310
404 1422609 974
405 1423583 6631
406 1430214 928
407 1431142 1138
408 1432280 779
409 1433059 6303
410 1439362 2835
411 1442197 5069
412 1447266 9060
413 1456326 7345
414 1463671 1822
415 1465493 5481
416 1470974 3591
417 1474565 1500
418 1476065 632
419 1476697 3275
420 1479972 9161
421 1489133 2870
422 1492003 2208
423 1494211 5705
424 1499916 1291
425 1501207 4403
426 1505610 683
427 1506293 2544
428 1508837 1529
429 1510366 1126
430 1511492 2508
431 1514000 4352
432 1518352 2917
433 1521269 5422
434 1526691 5856
435 1532547 4455
436 1537002 2752
437 1539754 2058
438 1541812 1060
439 1542872 798
440 1543670 2629
441 1546299 5773
442 1552072 938
443 1553010 1798
444 1554808 1725
445 1556533 7463
446 1563996 1197
447 1565193 2217
448 1567410 2422
449 1569832 1384
450 1571216 573
451 1571789 4994
452 1576783 6112
453 1582895 11614
454 1594509 1208
455 1595717 2333
456 1598050 1020
457 1599070 1255
458 1600325 2173
459 1602498 2811
460 1605309 5177
461 1610486 2431
462 1612917 3013
463 1615930 20070
464 1636000 2839
465 1638839 1603
466 1640442 2237
467 1642679 1754
468 1644433 1451
469 1645884 7341
470 1653225 4593
471 1657818 12581
472 1670399 2403
473 1672802 1813
474 1674615 1436
475 1676051 3099
476 1679150 1369
477 1680519 3871
478 1684390 1094
479 1685484 1121
480 1686605 1327
481 1687932 2376
482 1690308 1950
483 1692258 2351
484 1694609 3456
486 1698065 961
487 1699026 7310
488 1706336 5200
489 1711536 6560
490 1718096 4424
491 1722520 3689
492 1726209 2740
493 1728949 3952
494 1732901 5277
495 1738178 2835
496 1741013 1955
497 1742968 4733
498 1747701 1216
499 1748917 2552
500 1751469 1582
501 1753051 3070
502 1756121 1171
503 1757292 576
504 1757868 1562
505 1759430 1633
506 1761063 1559
507 1762622 8813
508 1771435 7776
509 1779211 4428
510 1783639 2919
511 1786558 602
512 1787160 7683
513 1794843 4041
514 1798884 12549
515 1811433 4923
516 1816356 2522
517 1818878 3898
519 1822776 6308
520 1829084 2619
521 1831703 297
522 1832000 2347
523 1834347 3854
524 1838201 2816
525 1841017 13559
526 1854576 7931
527 1862507 1908
528 1864415 2779
529 1867194 1930
530 1869124 1848
531 1870972 3469
532 1874441 2214
533 1876655 3056
534 1879711 1989
535 1881700 1827
536 1883527 2189
537 1885716 2935
538 1888651 2855
539 1891506 1929
544 1893435 2602
545 1896037 3319
546 1899356 2166
547 1901522 1909
548 1903431 1772
549 1905203 2084
550 1907287 4500
551 1911787 3896
552 1915683 3798
553 1919481 3005
554 1922486 2450
555 1924936 2565
556 1927501 2330
557 1929831 2371
559 1932202 312
560 1932514 5863
563 1938377 9952
564 1948329 2806
565 1951135 958
566 1952093 4423
567 1956516 7171
568 1963687 297
569 1963984 3197
570 1967181 2670
571 1969851 2377
572 1972228 2596
573 1974824 3567
574 1978391 4352
575 1982743 2609
576 1985352 4990
577 1990342 2748
578 1993090 8227
579 2001317 2751
580 2004068 6286
581 2010354 2445
582 2012799 1218
583 2014017 17839
584 2031856 9872
585 2041728 2959
586 2044687 3242
587 2047929 5886
588 2053815 3481
589 2057296 1940
590 2059236 3078
591 2062314 4493
592 2066807 4374
593 2071181 3718
594 2074899 2990
595 2077889 24574
596 2102463 11331
597 2113794 16323
598 2130117 3784
599 2133901 7388
600 2141289 1281
601 2142570 1059
602 2143629 9061
603 2152690 11250
604 2163940 9235
605 2173175 15990
606 2189165 8737
607 2197902 8429
608 2206331 7364
609 2213695 11275
610 2224970 19488
611 2244458 13538
612 2257996 5466
613 2263462 474
614 2263936 814
615 2264750 3178
616 2267928 7324
617 2275252 521
618 2275773 1519
619 2277292 3441
620 2280733 2085
621 2282818 9151
622 2291969 8005
623 2299974 8548
624 2308522 4673
625 2313195 2671
626 2315866 4065
627 2319931 5062
628 2324993 7134
629 2332127 3389
630 2335516 2816
631 2338332 661
632 2338993 1034
633 2340027 1622
634 2341649 6660
635 2348309 1330
636 2349639 11433
637 2361072 6330
638 2367402 4421
639 2371823 25788
640 2397611 3732
641 2401343 5125
642 2406468 8388
643 2414856 9755
644 2424611 4615
645 2429226 6355
646 2435581 9581
647 2445162 12829
648 2457991 4674
649 2462665 10942
650 2473607 6256
651 2479863 5093
652 2484956 1739
653 2486695 3798
654 2490493 4749
655 2495242 3692
656 2498934 10700
657 2509634 9898
658 2519532 6832
659 2526364 6093
660 2532457 6571
661 2539028 5789
663 2544817 3891
664 2548708 3487
665 2552195 3826
666 2556021 3316
667 2559337 12260
668 2571597 12827
669 2584424 4213
670 2588637 2845
671 2591482 5556
672 2597038 15902
673 2612940 4277
674 2617217 701
675 2617918 1186
676 2619104 4394
677 2623498 4368
678 2627866 2073
679 2629939 13022
680 2642961 6691
681 2649652 8818
682 2658470 7731
683 2666201 10682
685 2676883 6989
686 2683872 8932
687 2692804 2326
688 2695130 8148
689 2703278 8280
690 2711558 3881
691 2715439 5741
692 2721180 10252
693 2731432 2531
694 2733963 13728
696 2747691 513
697 2748204 1517
698 2749721 3072
699 2752793 2669
700 2755462 2737
702 2758199 2428
703 2760627 7154
704 2767781 1546
705 2769327 1137
706 2770464 1137
707 2771601 1129
715 2772730 1112
716 2773842 8072
717 2781914 5538
718 2787452 1312
719 2788764 1996
720 2790760 4747
721 2795507 6777
722 2802284 8178
723 2810462 3908
725 2814370 1236
726 2815606 8848
727 2824454 6008
728 2830462 2052
729 2832514 4447
730 2836961 1934
732 2838895 2392
733 2841287 1260
734 2842547 2913
735 2845460 2147
736 2847607 3004
737 2850611 930
738 2851541 3760
739 2855301 2586
740 2857887 1504
741 2859391 3399
742 2862790 1646
743 2864436 6364
744 2870800 2458
745 2873258 2145
746 2875403 5064
747 2880467 8560
748 2889027 5182
749 2894209 1080
751 2895289 1455
752 2896744 2458
753 2899202 2354
754 2901556 1812
755 2903368 3495
757 2906863 3919
758 2910782 3747
759 2914529 429
760 2914958 13379
761 2928337 9596
762 2937933 2454
763 2940387 2076
764 2942463 2424
765 2944887 2648
766 2947535 6375
767 2953910 7990
768 2961900 5222
769 2967122 5940
770 2973062 4552
771 2977614 2488
772 2980102 2476
773 2982578 7407
774 2989985 8504
775 2998489 5398
776 3003887 636
777 3004523 2787
778 3007310 3238
780 3010548 1770
781 3012318 1913
782 3014231 629
783 3014860 470
784 3015330 593
785 3015923 2565
786 3018488 2507
787 3020995 1910
788 3022905 5762
789 3028667 2025
790 3030692 3813
791 3034505 8126
792 3042631 4180
793 3046811 2376
794 3049187 1566
795 3050753 3001
796 3053754 1768
797 3055522 8299
798 3063821 1688
799 3065509 4312
800 3069821 5456
801 3075277 3012
802 3078289 2744
803 3081033 3737
804 3084770 2119
805 3086889 4003
806 3090892 13134
807 3104026 2510
808 3106536 1914
809 3108450 3618
810 3112068 3861
811 3115929 3871
812 3119800 1892
813 3121692 5434
814 3127126 6872
815 3133998 2504
816 3136502 4578
818 3141080 1499
819 3142579 2480
820 3145059 2669
821 3147728 810
822 3148538 5357
823 3153895 265
824 3154160 834
825 3154994 3573
826 3158567 5922
827 3164489 1234
828 3165723 1381
829 3167104 3683
830 3170787 4579
831 3175366 2383
832 3177749 2199
834 3179948 4057
836 3184005 2934
837 3186939 1136
838 3188075 1780
839 3189855 1999
840 3191854 3123
841 3194977 7140
842 3202117 8609
843 3210726 3963
844 3214689 3994
845 3218683 4624
846 3223307 3900
847 3227207 4627
848 3231834 1154
849 3232988 4213
850 3237201 2705
851 3239906 1713
853 3241619 4037
854 3245656 3873
855 3249529 2887
856 3252416 1287
857 3253703 3163
858 3256866 7688
859 3264554 19071
860 3283625 2194
861 3285819 3782
862 3289601 1644
863 3291245 4250
865 3295495 8851
866 3304346 3141
871 3307487 8708
872 3316195 5765
873 3321960 2164
875 3324124 1211
876 3325335 3861
878 3329196 1662
879 3330858 3437
880 3334295 2803
881 3337098 6290
883 3343388 1804
884 3345192 6752
885 3351944 3671
886 3355615 10432
888 3366047 4560
889 3370607 3522
890 3374129 6450
891 3380579 9636
892 3390215 1590
893 3391805 2775
894 3394580 2398
895 3396978 4557
896 3401535 8711
897 3410246 1583
898 3411829 4813
899 3416642 3326
900 3419968 3677
901 3423645 6343
902 3429988 1474
903 3431462 2671
904 3434133 2080
905 3436213 3095
906 3439308 1589
907 3440897 8501
908 3449398 3490
909 3452888 3377
910 3456265 1352
911 3457617 7902
912 3465519 8186
913 3473705 8623
914 3482328 5672
915 3488000 7405
916 3495405 7068
918 3502473 1781
919 3504254 6410
920 3510664 9022
921 3519686 3850
923 3523536 2713
924 3526249 2383
925 3528632 3847
926 3532479 4795
927 3537274 4248
929 3541522 7038
931 3548560 8474
936 3557034 8322
937 3565356 5393
939 3570749 7583
941 3578332 3447
942 3581779 2884
943 3584663 1044
944 3585707 3038
945 3588745 10585
946 3599330 7548
947 3606878 7601
948 3614479 1025
949 3615504 2953
950 3618457 1778
951 3620235 8012
952 3628247 6926
953 3635173 4046
955 3639219 9564
956 3648783 9615
957 3658398 2690
958 3661088 3778
959 3664866 5675
960 3670541 14767
961 3685308 3029
962 3688337 4440
963 3692777 7876
964 3700653 6483
965 3707136 2491
966 3709627 3850
967 3713477 3785
969 3717262 3370
970 3720632 5062
971 3725694 2224
973 3727918 1347
974 3729265 3979
975 3733244 974
976 3734218 3470
977 3737688 3284
978 3740972 3659
979 3744631 3260
980 3747891 2448
981 3750339 970
982 3751309 1245
983 3752554 8050
984 3760604 6996
985 3767600 4467
986 3772067 7281
987 3779348 979
988 3780327 3313
989 3783640 9054
990 3792694 2131
991 3794825 6279
992 3801104 6270
993 3807374 1126
994 3808500 814
995 3809314 6784
996 3816098 3565
997 3819663 2664
999 3822327 5304
1000 3827631 1299
1001 3828930 14591
1002 3843521 1091
1003 3844612 1312
1004 3845924 5230
1005 3851154 2497
1006 3853651 3084
1007 3856735 6869
1008 3863604 6201
1009 3869805 9199
1010 3879004 11692
1011 3890696 2068
1012 3892764 6497
1013 3899261 5812
1014 3905073 10025
1015 3915098 7703
1023 3922801 5972
1024 3928773 1218
1025 3929991 4930
1026 3934921 9977
1027 3944898 5499
1028 3950397 3032
1029 3953429 1985
1031 3955414 2312
1032 3957726 1815
1033 3959541 1409
1034 3960950 1489
1035 3962439 1554
1036 3963993 1628
1037 3965621 3450
1038 3969071 2540
1039 3971611 15268
1040 3986879 3296
1041 3990175 7963
1042 3998138 3669
1043 4001807 3419
1044 4005226 6145
1045 4011371 2545
1046 4013916 3679
1047 4017595 2750
1048 4020345 9356
1049 4029701 1373
1052 4031074 4966
1053 4036040 1391
1054 4037431 1687
1055 4039118 1825
1056 4040943 2864
1057 4043807 8158
1058 4051965 7509
1059 4059474 3479
1060 4062953 9740
1061 4072693 1634
1062 4074327 941
1063 4075268 1644
1064 4076912 4122
1066 4081034 1014
1067 4082048 15082
1069 4097130 6499
1070 4103629 3476
1071 4107105 3487
1072 4110592 1205
1073 4111797 4782
1074 4116579 751
1075 4117330 488
1076 4117818 7780
1077 4125598 2848
1078 4128446 3618
1079 4132064 2724
1080 4134788 1202
1081 4135990 982
1082 4136972 2134
1086 4139106 11852
1087 4150958 5346
1088 4156304 5889
1089 4162193 1755
1091 4163948 22660
1092 4186608 1496
1093 4188104 6610
1094 4194714 6403
1095 4201117 9567
1096 4210684 1619
1097 4212303 3765
1098 4216068 2089
1099 4218157 1607
1101 4219764 2804
1102 4222568 931
1103 4223499 1108
1104 4224607 15561
1105 4240168 6416
1106 4246584 13947
1107 4260531 720
1109 4261251 2035
1110 4263286 2592
1111 4265878 2768
1112 4268646 1761
1113 4270407 20047
1114 4290454 9022
1115 4299476 3555
1116 4303031 3537
1117 4306568 3378
1119 4309946 3345
1120 4313291 413
1121 4313704 2530
1122 4316234 2892
1125 4319126 4091
1127 4323217 2952
1128 4326169 912
1131 4327081 3829
1133 4330910 4197
1134 4335107 7384
1135 4342491 9314
1136 4351805 19666
1137 4371471 933
1138 4372404 599
1139 4373003 2307
1140 4375310 1597
1141 4376907 4948
1142 4381855 3298
1143 4385153 4031
1144 4389184 2483
1145 4391667 4574
1146 4396241 1127
1147 4397368 1986
1148 4399354 652
1149 4400006 404
1150 4400410 9902
1151 4410312 2283
1152 4412595 836
1153 4413431 3525
1154 4416956 914
1155 4417870 2568
1156 4420438 3106
1157 4423544 313
1158 4423857 7197
1159 4431054 19014
1160 4450068 5685
1161 4455753 1285
1162 4457038 2162
1163 4459200 2330
1164 4461530 2591
1168 4464121 3630
1170 4467751 2341
1171 4470092 22078
1172 4492170 835
1173 4493005 378
1174 4493383 1134
1175 4494517 3827
1176 4498344 1118
1177 4499462 3521
1178 4502983 3233
1179 4506216 1560
1180 4507776 1329
1181 4509105 1999
1182 4511104 2140
1184 4513244 1296
1185 4514540 3878
1186 4518418 535
1187 4518953 6453
1188 4525406 2557
1189 4527963 3655
1190 4531618 803
1191 4532421 1254
1192 4533675 2400
1193 4536075 672
1194 4536747 771
1195 4537518 5000
1196 4542518 1941
1197 4544459 1547
1198 4546006 2546
1199 4548552 1993
1200 4550545 3738
1201 4554283 928
1202 4555211 1193
1203 4556404 1912
1204 4558316 1424
1205 4559740 3797
1206 4563537 5704
1207 4569241 2226
1208 4571467 2888
1209 4574355 1490
1210 4575845 5736
1211 4581581 2644
1212 4584225 1273
1213 4585498 1251
1214 4586749 1320
1215 4588069 7941
1216 4596010 1698
1217 4597708 2816
1218 4600524 1228
1219 4601752 1416
1220 4603168 5110
1221 4608278 3027
1222 4611305 1282
1223 4612587 2774
1224 4615361 1429
1225 4616790 915
1226 4617705 2761
1227 4620466 1480
1228 4621946 893
1229 4622839 2986
1230 4625825 1208
1231 4627033 8765
1232 4635798 2594
1233 4638392 1610
1234 4640002 2220
1235 4642222 1976
1236 4644198 6239
1237 4650437 2064
1238 4652501 1552
1239 4654053 3133
1240 4657186 4045
1241 4661231 2669
1242 4663900 2868
1243 4666768 1022
1244 4667790 1404
1245 4669194 5491
1247 4674685 3604
1248 4678289 2066
1249 4680355 5794
1250 4686149 6766
1251 4692915 1206
1252 4694121 1505
1253 4695626 342
1254 4695968 2184
1256 4698152 2931
1257 4701083 1205
1259 4702288 907
1260 4703195 1853
1261 4705048 2952
1262 4708000 6871
1263 4714871 2646
1264 4717517 1548
1265 4719065 1753
1266 4720818 1690
1268 4722508 8944
1269 4731452 5595
1270 4737047 5653
1271 4742700 5470
1272 4748170 6727
1273 4754897 2058
1274 4756955 19441
1275 4776396 7665
1276 4784061 1804
1277 4785865 1222
1278 4787087 3020
1279 4790107 1842
1280 4791949 2677
1281 4794626 4159
1282 4798785 1397
1283 4800182 579
1284 4800761 6556
1285 4807317 2400
1286 4809717 1813
1287 4811530 3331
1288 4814861 1873
1289 4816734 13743
1290 4830477 526
1291 4831003 1624
1292 4832627 3015
1293 4835642 2352
1294 4837994 2816
1295 4840810 18358
1296 4859168 775
1297 4859943 1089
1298 4861032 2932
1299 4863964 4404
1300 4868368 9672
1301 4878040 2184
1302 4880224 3159
1303 4883383 2094
1304 4885477 2275
1305 4887752 1888
1306 4889640 1768
1307 4891408 5368
1309 4896776 2495
1310 4899271 3406
1311 4902677 4770
1312 4907447 3721
1313 4911168 3374
1314 4914542 15482
1315 4930024 4138
1316 4934162 3591
1317 4937753 10151
1318 4947904 1676
1319 4949580 1497
1320 4951077 5862
1321 4956939 10954
1322 4967893 5248
1323 4973141 3850
1324 4976991 2193
1326 4979184 662
1327 4979846 1528
1328 4981374 4647
1329 4986021 2733
1330 4988754 1949
1331 4990703 8789
1332 4999492 6269
1333 5005761 5189
1334 5010950 1970
1335 5012920 6472
1336 5019392 2966
1337 5022358 2936
1338 5025294 7508
1339 5032802 1694
1340 5034496 2114
1341 5036610 2589
1342 5039199 1696
1345 5040895 7612
1346 5048507 3378
1347 5051885 3035
1348 5054920 1897
1349 5056817 5572
1350 5062389 8183
1351 5070572 3205
1352 5073777 575
1353 5074352 3654
1354 5078006 5121
1355 5083127 6907
1356 5090034 919
1357 5090953 2361
1358 5093314 4366
1359 5097680 3550
1360 5101230 2903
1361 5104133 5624
1362 5109757 5086
1363 5114843 7352
1364 5122195 1122
1365 5123317 3937
1366 5127254 1345
1368 5128599 3291
1369 5131890 4380
1370 5136270 4874
1371 5141144 2343
1372 5143487 6077
1373 5149564 2277
1374 5151841 1706
1375 5153547 15310
1377 5168857 5391
1378 5174248 1369
1379 5175617 5694
1380 5181311 1391
1383 5182702 4607
1384 5187309 9766
1385 5197075 1729
1386 5198804 3475
1389 5202279 3907
1390 5206186 7894
1391 5214080 13777
1392 5227857 3795
1393 5231652 14089
1395 5245741 462
1396 5246203 3153
1397 5249356 2101
1398 5251457 10184
1399 5261641 1117
1400 5262758 1333
1401 5264091 5172
1402 5269263 2523
1403 5271786 6645
1404 5278431 7816
1405 5286247 1408
1406 5287655 1762
1407 5289417 2236
1408 5291653 3404
1409 5295057 1948
1410 5297005 2092
1411 5299097 6039
1412 5305136 2064
1413 5307200 1447
1414 5308647 1097
1415 5309744 3168
1416 5312912 6305
1417 5319217 1974
1418 5321191 2382
1419 5323573 2599
1420 5326172 2603
1421 5328775 3593
1422 5332368 1403
1423 5333771 8486
1424 5342257 3900
1425 5346157 1470
1426 5347627 10436
1427 5358063 4090
1428 5362153 7193
1430 5369346 3350
1431 5372696 6486
1432 5379182 4363
1433 5383545 4652
1434 5388197 2984
1435 5391181 1311
1436 5392492 3064
1437 5395556 1947
1438 5397503 1660
1439 5399163 1706
1440 5400869 3344
1441 5404213 2055
1442 5406268 2120
1443 5408388 974
1444 5409362 1884
1445 5411246 3948
1446 5415194 2189
1447 5417383 5389
1448 5422772 1735
1449 5424507 1887
1450 5426394 2535
1451 5428929 2185
1453 5431114 2177
1454 5433291 1784
1455 5435075 2374
1457 5437449 4945
1459 5442394 13666
1460 5456060 5363
1461 5461423 967
1462 5462390 14496
1463 5476886 1845
1464 5478731 1596
1465 5480327 1086
1466 5481413 1508
1467 5482921 1755
1468 5484676 6069
1469 5490745 2979
1470 5493724 3069
1471 5496793 2377
1472 5499170 1945
1473 5501115 2841
1474 5503956 5394
1475 5509350 15383
1476 5524733 7230
1477 5531963 3346
1478 5535309 3225
1479 5538534 2531
1480 5541065 2951
1481 5544016 1333
1482 5545349 2288
1483 5547637 5264
1484 5552901 1602
1485 5554503 1287
1487 5555790 1981
1489 5557771 2594
1491 5560365 1486
1493 5561851 1385
1494 5563236 2481
1495 5565717 5125
1496 5570842 7818
1497 5578660 5312
1498 5583972 11001
1499 5594973 1826
1500 5596799 7261
1501 5604060 3682
1502 5607742 7920
1503 5615662 472
1507 5616134 3873
1508 5620007 743
1509 5620750 865
1510 5621615 5666
1511 5627281 1476
1512 5628757 2132
1513 5630889 2612
1514 5633501 3660
1515 5637161 3264
1516 5640425 2080
1517 5642505 4820
1518 5647325 10136
1519 5657461 581
1520 5658042 3158
1521 5661200 3447
1522 5664647 5308
1523 5669955 3757
1525 5673712 9850
1526 5683562 2069
1527 5685631 1625
1528 5687256 3117
1529 5690373 5574
1530 5695947 3662
1531 5699609 1976
1532 5701585 4388
1533 5705973 1358
1534 5707331 9447
1535 5716778 4570
1536 5721348 2575
1537 5723923 3569
1538 5727492 1797
1539 5729289 1477
1540 5730766 1499
1541 5732265 4710
1542 5736975 2885
1543 5739860 8553
1544 5748413 7769
1545 5756182 5300
1546 5761482 3035
1547 5764517 7118
1548 5771635 1188
1549 5772823 2795
1550 5775618 2582
1551 5778200 1942
1553 5780142 518
1554 5780660 5875
1555 5786535 511
1556 5787046 2067
1557 5789113 6619
1558 5795732 5874
1559 5801606 2512
1560 5804118 3066
1561 5807184 8933
1562 5816117 3608
1564 5819725 3032
1565 5822757 8948
1566 5831705 4032
1567 5835737 3385
1568 5839122 3630
1569 5842752 1459
1570 5844211 4474
1571 5848685 1014
1572 5849699 1768
1573 5851467 5588
1574 5857055 2087
1575 5859142 1788
1576 5860930 15846
1577 5876776 5925
1578 5882701 2246
1579 5884947 2610
1580 5887557 5395
1581 5892952 3914
1582 5896866 13763
1583 5910629 3818
1584 5914447 1841
1585 5916288 3631
1586 5919919 6586
1587 5926505 2953
1588 5929458 557
1589 5930015 4680
1590 5934695 4548
1591 5939243 2702
1592 5941945 4735
1593 5946680 2150
1594 5948830 732
1595 5949562 655
1596 5950217 646
1597 5950863 669
1599 5951532 689
1600 5952221 667
1602 5952888 624
1604 5953512 642
1606 5954154 705
1607 5954859 673
1609 5955532 619
1614 5956151 620
1615 5956771 640
1616 5957411 633
1617 5958044 643
1618 5958687 637
1620 5959324 689
1623 5960013 652
1624 5960665 648
1625 5961313 667
1626 5961980 649
1628 5962629 687
1631 5963316 684
1633 5964000 685
1635 5964685 662
1638 5965347 650
1640 5965997 658
1644 5966655 652
1645 5967307 640
1647 5967947 640
1650 5968587 688
1652 5969275 674
1653 5969949 654
1656 5970603 650
1658 5971253 652
1659 5971905 689
1660 5972594 624
1663 5973218 650
1666 5973868 652
1667 5974520 670
1674 5975190 630
1675 5975820 659
1676 5976479 642
1678 5977121 641
1679 5977762 628
1681 5978390 636
1682 5979026 653
1683 5979679 637
1684 5980316 691
1686 5981007 645
1689 5981652 645
1691 5982297 650
1692 5982947 648
1693 5983595 670
1694 5984265 651
1697 5984916 675
1703 5985591 669
1707 5986260 648
1708 5986908 642
1711 5987550 641
1712 5988191 653
1715 5988844 645
1716 5989489 640
1732 5990129 654
1736 5990783 700
1738 5991483 633
1740 5992116 653
1741 5992769 652
1743 5993421 689
1751 5994110 700
1752 5994810 648
1754 5995458 645
1756 5996103 638
1757 5996741 642
1758 5997383 639
1759 5998022 671
1760 5998693 651
1761 5999344 628
1763 5999972 630
1764 6000602 642
1765 6001244 641
1766 6001885 670
1772 6002555 647
1789 6003202 637
1790 6003839 643
1791 6004482 638
1792 6005120 637
1793 6005757 679
1796 6006436 636
1808 6007072 700
1809 6007772 674
1810 6008446 640
1811 6009086 650
1813 6009736 634
1823 6010370 673
1824 6011043 643
1833 6011686 689
1835 6012375 642
1852 6013017 642
1854 6013659 638
1857 6014297 666
1862 6014963 672
1864 6015635 638
1867 6016273 649
1868 6016922 642
1869 6017564 667
1871 6018231 635
1873 6018866 712
1875 6019578 644
1888 6020222 624
1892 6020846 682
1894 6021528 667
1898 6022195 674
1900 6022869 619
1902 6023488 649
1903 6024137 648
1904 6024785 672
1912 6025457 656
1914 6026113 632
1925 6026745 635
1928 6027380 658
1929 6028038 676
1930 6028714 682
1935 6029396 659
1941 6030055 670
1943 6030725 637
1946 6031362 624
1947 6031986 649
1949 6032635 636
1950 6033271 633
1951 6033904 611
1952 6034515 634
1953 6035149 628
1954 6035777 634
1955 6036411 637
1959 6037048 645
1960 6037693 670
1967 6038363 680
1968 6039043 645
1969 6039688 647
1970 6040335 639
1971 6040974 662
1973 6041636 647
1977 6042283 665
1979 6042948 680
1983 6043628 645
1985 6044273 647
1997 6044920 664
1998 6045584 644
2000 6046228 672
2007 6046900 644
2012 6047544 659
2013 6048203 671
2014 6048874 626
2052 6049500 637
2061 6050137 653
2071 6050790 654
2082 6051444 635
2083 6052079 613
2095 6052692 2684
2096 6055376 716
2097 6056092 5941
2098 6062033 3317
2099 6065350 8934
2100 6074284 4006
2101 6078290 2032
2102 6080322 3413
2103 6083735 7579
2104 6091314 2623
2105 6093937 2720
2106 6096657 9651
2107 6106308 19328
2108 6125636 3099
2109 6128735 2736
2110 6131471 5359
2111 6136830 2244
2112 6139074 4250
2113 6143324 6579
2114 6149903 953
2115 6150856 4872
2116 6155728 8271
2117 6163999 5338
2118 6169337 6669
2119 6176006 913
2120 6176919 3778
2121 6180697 2942
2122 6183639 3577
2123 6187216 2533
2124 6189749 3693
2125 6193442 4679
2126 6198121 9623
2127 6207744 9630
2128 6217374 11522
2129 6228896 2146
2130 6231042 4789
2131 6235831 3011
2132 6238842 1641
2133 6240483 5779
2134 6246262 2024
2135 6248286 1916
2136 6250202 8385
2137 6258587 8788
2138 6267375 2751
2139 6270126 4486
2140 6274612 3141
2141 6277753 1937
2142 6279690 10642
2143 6290332 6275
2144 6296607 4876
2145 6301483 5299
2146 6306782 1313
2147 6308095 1849
2148 6309944 3598
2150 6313542 3697
2151 6317239 2526
2152 6319765 7681
2153 6327446 6998
2154 6334444 6481
2155 6340925 8795
2156 6349720 3146
2157 6352866 2806
2158 6355672 1839
2159 6357511 7056
2160 6364567 3407
2161 6367974 2646
2162 6370620 1158
2163 6371778 11632
2164 6383410 10836
2165 6394246 9897
2166 6404143 6932
2167 6411075 8932
2168 6420007 2288
2169 6422295 515
2170 6422810 2770
2171 6425580 618
2172 6426198 6368
2173 6432566 4295
2174 6436861 2317
2175 6439178 9188
2176 6448366 6516
2177 6454882 1557
2178 6456439 7409
2179 6463848 2728
2180 6466576 7679
2181 6474255 4470
2182 6478725 2935
2183 6481660 6305
2184 6487965 9249
2185 6497214 2969
2186 6500183 4381
2187 6504564 3893
2188 6508457 1711
2189 6510168 6513
2190 6516681 5470
2191 6522151 5229
2192 6527380 8025
2193 6535405 1833
2194 6537238 2815
2196 6540053 2418
2197 6542471 2043
2198 6544514 2513
2199 6547027 3439
2200 6550466 2465
2201 6552931 2520
2202 6555451 20269
2203 6575720 8400
2204 6584120 4373
2205 6588493 4477
2206 6592970 4146
2207 6597116 1536
2208 6598652 4488
2209 6603140 1366
2210 6604506 1184
2211 6605690 1482
2212 6607172 7430
2213 6614602 2182
2214 6616784 18029
2215 6634813 8882
2216 6643695 5679
2217 6649374 4027
2218 6653401 3564
2219 6656965 2056
2220 6659021 16376
2221 6675397 4463
2222 6679860 1156
2223 6681016 1930
2224 6682946 1356
2225 6684302 8179
2226 6692481 5175
2227 6697656 6847
2228 6704503 1932
2229 6706435 8208
2230 6714643 7565
2231 6722208 8509
2232 6730717 4981
2233 6735698 6748
2234 6742446 15095
2235 6757541 7545
2236 6765086 5085
2237 6770171 1373
2238 6771544 1574
2239 6773118 2156
2241 6775274 821
2242 6776095 6375
2243 6782470 2136
2244 6784606 8301
2245 6792907 4227
2246 6797134 1880
2247 6799014 5241
2248 6804255 5473
2249 6809728 9120
2250 6818848 4696
2251 6823544 9529
2252 6833073 3776
2253 6836849 1077
2254 6837926 1429
2255 6839355 1362
2256 6840717 9083
2257 6849800 300
2258 6850100 1732
2259 6851832 772
2260 6852604 1459
2261 6854063 12557
2262 6866620 8037
2263 6874657 4082
2264 6878739 5004
2265 6883743 4467
2266 6888210 8944
2268 6897154 5368
2269 6902522 2929
2270 6905451 3114
2271 6908565 1685
2272 6910250 8095
2273 6918345 3693
2274 6922038 14175
2275 6936213 3286
2276 6939499 3880
2277 6943379 4316
2278 6947695 11596
2279 6959291 933
2280 6960224 8007
2281 6968231 6269
2282 6974500 785
2283 6975285 5685
2284 6980970 15703
2285 6996673 919
2286 6997592 6068
2287 7003660 680
2288 7004340 5264
2289 7009604 8065
2290 7017669 1444
2291 7019113 4366
2292 7023479 704
2293 7024183 8916
2294 7033099 1363
2295 7034462 749
2296 7035211 3216
2297 7038427 754
2299 7039181 6345
2300 7045526 5723
2301 7051249 10734
2302 7061983 3779
2303 7065762 1570
2304 7067332 2135
2306 7069467 4298
2307 7073765 6371
2308 7080136 3034
2309 7083170 6084
2310 7089254 6065
2311 7095319 1680
2312 7096999 6459
2313 7103458 3262
2314 7106720 6696
2315 7113416 9020
2316 7122436 1411
2317 7123847 2896
2318 7126743 1761
2319 7128504 3337
2320 7131841 6003
2321 7137844 6783
2322 7144627 6289
2323 7150916 6411
2324 7157327 9686
2325 7167013 9727
2326 7176740 1167
2327 7177907 700
2328 7178607 1133
2329 7179740 3783
2330 7183523 655
2331 7184178 5513
2332 7189691 1378
2333 7191069 2767
2334 7193836 2304
2335 7196140 5514
2336 7201654 12204
2337 7213858 2583
2338 7216441 26072
2339 7242513 3697
2340 7246210 4022
2341 7250232 12417
2342 7262649 4389
2343 7267038 3878
2344 7270916 14638
2345 7285554 12260
2346 7297814 3662
2347 7301476 1623
2348 7303099 9089
2349 7312188 1790
2350 7313978 699
2351 7314677 3218
2352 7317895 2844
2353 7320739 5807
2354 7326546 9605
2355 7336151 4030
2356 7340181 1121
2357 7341302 1772
2358 7343074 5487
2359 7348561 4584
2360 7353145 4530
2361 7357675 4381
2363 7362056 4357
2364 7366413 3662
2365 7370075 6151
2366 7376226 4178
2367 7380404 1093
2368 7381497 722
2369 7382219 8832
2370 7391051 3941
2371 7394992 6994
2372 7401986 1499
2373 7403485 2465
2374 7405950 1075
2375 7407025 1013
2376 7408038 1004
2377 7409042 5314
2378 7414356 10986
2379 7425342 735
2380 7426077 653
2381 7426730 4005
2382 7430735 10077
2384 7440812 3097
2385 7443909 839
2387 7444748 614
2388 7445362 975
2389 7446337 713
2390 7447050 1740
2391 7448790 12286
2392 7461076 4314
2394 7465390 3598
2395 7468988 1469
2396 7470457 3254
2397 7473711 1193
2398 7474904 1769
2399 7476673 4546
2400 7481219 1072
2401 7482291 4213
2402 7486504 1816
2403 7488320 2138
2405 7490458 4948
2406 7495406 2622
2407 7498028 2592
2408 7500620 352
2409 7500972 1518
2410 7502490 1491
2411 7503981 2180
2412 7506161 1484
2413 7507645 1072
2414 7508717 2658
2415 7511375 1006
2416 7512381 320
2417 7512701 4568
2418 7517269 1275
2419 7518544 884
2420 7519428 3909
2421 7523337 1331
2422 7524668 3119
2423 7527787 2614
2425 7530401 1280
2426 7531681 1229
2427 7532910 2489
2428 7535399 1188
2430 7536587 581
2431 7537168 1326
2432 7538494 7406
2433 7545900 3859
2436 7549759 7000
2438 7556759 1651
2439 7558410 1585
2440 7559995 2028
2441 7562023 1333
2442 7563356 497
2443 7563853 1346
2444 7565199 2288
2445 7567487 4483
2446 7571970 1529
2447 7573499 11549
2448 7585048 2044
2449 7587092 807
2450 7587899 909
2451 7588808 1050
2452 7589858 1815
2453 7591673 706
2454 7592379 11562
2455 7603941 1773
2456 7605714 2955
2457 7608669 3736
2458 7612405 940
2459 7613345 2200
2460 7615545 1219
2461 7616764 4753
2462 7621517 301
2463 7621818 7046
2464 7628864 1033
2465 7629897 1772
2466 7631669 2557
2467 7634226 1475
2468 7635701 1236
2473 7636937 1643
2474 7638580 2986
2475 7641566 1310
2480 7642876 6437
2481 7649313 2682
2482 7651995 434
2483 7652429 4233
2484 7656662 511
2485 7657173 1477
2486 7658650 2116
2487 7660766 2786
2488 7663552 3166
2489 7666718 1366
2490 7668084 1524
2491 7669608 1126
2492 7670734 1441
2493 7672175 2340
2494 7674515 581
2495 7675096 3745
2496 7678841 1640
2497 7680481 2690
2499 7683171 503
2500 7683674 4139
2501 7687813 6061
2502 7693874 1727
2503 7695601 3582
2504 7699183 2444
2506 7701627 5769
2507 7707396 7755
2508 7715151 4928
2509 7720079 896
2510 7720975 1262
2511 7722237 2022
2512 7724259 4054
2513 7728313 3483
2514 7731796 595
2515 7732391 4048
2516 7736439 2899
2517 7739338 2842
2518 7742180 3494
2519 7745674 5601
2520 7751275 4636
2521 7755911 5083
2522 7760994 2696
2523 7763690 9157
2524 7772847 9395
2525 7782242 5537
2526 7787779 2012
2527 7789791 7344
2531 7797135 2597
2532 7799732 8355
2533 7808087 1297
2534 7809384 1873
2535 7811257 3077
2536 7814334 4549
2537 7818883 2014
2538 7820897 1190
2539 7822087 1210
2540 7823297 5278
2541 7828575 2772
2542 7831347 4005
2543 7835352 1127
2544 7836479 2013
2545 7838492 2135
2546 7840627 1328
2547 7841955 2883
2548 7844838 1575
2551 7846413 728
2552 7847141 523
2553 7847664 852
2554 7848516 663
2555 7849179 524
2556 7849703 562
2557 7850265 1332
2558 7851597 3515
2559 7855112 3730
2560 7858842 503
2561 7859345 2076
2562 7861421 1329
2563 7862750 3387
2565 7866137 3259
2566 7869396 5315
2567 7874711 3001
2568 7877712 3802
2569 7881514 3281
2570 7884795 3030
2572 7887825 1926
2573 7889751 3189
2580 7892940 3613
2581 7896553 11143
2582 7907696 10065
2584 7917761 3815
2585 7921576 3439
2586 7925015 4209
2587 7929224 1508
2588 7930732 1449
2589 7932181 2344
2590 7934525 1941
2591 7936466 3093
2594 7939559 2379
2595 7941938 5658
2596 7947596 2542
2597 7950138 8572
2598 7958710 7395
2599 7966105 2409
2600 7968514 1453
2601 7969967 1633
2602 7971600 2666
2603 7974266 2574
2604 7976840 2245
2605 7979085 3056
2606 7982141 2062
2607 7984203 2980
2608 7987183 6948
2609 7994131 6354
2610 8000485 6886
2611 8007371 6765
2612 8014136 3937
2613 8018073 8118
2614 8026191 7779
2615 8033970 3109
2616 8037079 1792
2617 8038871 2976
2618 8041847 1608
2619 8043455 3018
2620 8046473 3429
2621 8049902 1853
2622 8051755 1520
2623 8053275 4764
2624 8058039 1737
2625 8059776 1511
2626 8061287 2457
2627 8063744 3608
2628 8067352 2056
2629 8069408 1451
2630 8070859 2804
2631 8073663 7810
2632 8081473 3325
2633 8084798 3618
2634 8088416 8867
2635 8097283 3726
2636 8101009 2817
2637 8103826 2194
2638 8106020 3560
2639 8109580 3487
2640 8113067 2063
2641 8115130 1592
2642 8116722 1786
2643 8118508 6352
2644 8124860 3191
2645 8128051 2227
2646 8130278 1852
2647 8132130 3414
2649 8135544 1997
2650 8137541 4142
2651 8141683 2706
2652 8144389 3749
2653 8148138 1738
2654 8149876 1529
2655 8151405 1538
2656 8152943 1610
2657 8154553 3640
2658 8158193 2725
2659 8160918 3952
2660 8164870 2371
2661 8167241 2385
2662 8169626 2579
2663 8172205 2362
2664 8174567 2524
2665 8177091 23243
2666 8200334 3204
2667 8203538 3606
2668 8207144 6308
2669 8213452 3077
2670 8216529 3285
2671 8219814 3398
2672 8223212 5225
2673 8228437 1600
2674 8230037 2577
2675 8232614 3407
2676 8236021 2438
2677 8238459 1066
2678 8239525 2349
2679 8241874 5069
2680 8246943 4213
2682 8251156 3763
2683 8254919 2625
2684 8257544 5406
2685 8262950 2513
2686 8265463 3775
2687 8269238 1085
2688 8270323 5300
2689 8275623 1428
2690 8277051 1200
2691 8278251 2030
2692 8280281 7429
2693 8287710 3315
2694 8291025 2523
2695 8293548 2807
2696 8296355 2696
2697 8299051 1240
2698 8300291 1096
2699 8301387 851
2700 8302238 971
2701 8303209 986
2702 8304195 2350
2703 8306545 1734
2704 8308279 1143
2705 8309422 893
2706 8310315 1124
2707 8311439 1348
2708 8312787 989
2709 8313776 1940
2710 8315716 2616
2711 8318332 1266
2712 8319598 2733
2713 8322331 2809
2714 8325140 2990
2715 8328130 1053
2716 8329183 3618
2718 8332801 4287
2719 8337088 3323
2720 8340411 5874
2721 8346285 3292
2722 8349577 913
2723 8350490 2320
2724 8352810 4620
2726 8357430 787
2727 8358217 5798
2728 8364015 1227
2729 8365242 6008
2730 8371250 867
2731 8372117 1611
2732 8373728 866
2733 8374594 3267
2734 8377861 6410
2735 8384271 819
2736 8385090 3413
2737 8388503 4030
2738 8392533 1240
2739 8393773 1074
2740 8394847 1795
2741 8396642 1528
2742 8398170 2490
2743 8400660 2489
2744 8403149 1741
2745 8404890 1372
2746 8406262 2903
2747 8409165 2430
2748 8411595 1561
2749 8413156 1854
2750 8415010 1074
2751 8416084 944
2752 8417028 3357
2753 8420385 1951
2754 8422336 1922
2755 8424258 2217
2756 8426475 1947
2757 8428422 3117
2758 8431539 1787
2759 8433326 3190
2761 8436516 510
2762 8437026 1098
2763 8438124 803
2764 8438927 2561
2765 8441488 1050
2766 8442538 2273
2767 8444811 1855
2768 8446666 1417
2769 8448083 717
2770 8448800 1670
2771 8450470 2531
2772 8453001 1559
2773 8454560 2279
2774 8456839 2382
2775 8459221 2242
2776 8461463 1060
2777 8462523 2513
2778 8465036 1419
2779 8466455 4179
2780 8470634 2102
2781 8472736 1783
2783 8474519 4206
2784 8478725 530
2785 8479255 823
2786 8480078 2557
2787 8482635 4232
2788 8486867 3551
2789 8490418 897
2791 8491315 3507
2792 8494822 1214
2793 8496036 2388
2794 8498424 2647
2795 8501071 6349
2796 8507420 3577
2797 8510997 6854
2798 8517851 10176
2799 8528027 2172
2800 8530199 3669
2801 8533868 2330
2802 8536198 3702
2803 8539900 2941
2804 8542841 3768
2805 8546609 1616
2806 8548225 10133
2807 8558358 2138
2808 8560496 4981
2809 8565477 2414
2810 8567891 1508
2811 8569399 7952
2812 8577351 6789
2813 8584140 4447
2814 8588587 9612
2815 8598199 6407
2816 8604606 5732
2817 8610338 2872
2818 8613210 5677
2819 8618887 10445
2820 8629332 4310
2821 8633642 6160
2822 8639802 4634
2823 8644436 2271
2824 8646707 3426
2825 8650133 8901
2826 8659034 1802
2827 8660836 5737
2828 8666573 4044
2829 8670617 4049
2830 8674666 2607
2831 8677273 363
2832 8677636 1852
2833 8679488 7399
2834 8686887 4445
2835 8691332 2425
2836 8693757 1739
2837 8695496 3083
2838 8698579 3522
2839 8702101 2788
2840 8704889 5235
2841 8710124 1172
2842 8711296 1158
2843 8712454 3110
2844 8715564 7617
2845 8723181 7650
2846 8730831 1185
2847 8732016 6032
2848 8738048 1688
2849 8739736 2325
2850 8742061 4834
2851 8746895 1719
2852 8748614 3353
2853 8751967 1923
2854 8753890 1167
2855 8755057 2637
2856 8757694 666
2857 8758360 2796
2858 8761156 5206
2860 8766362 1652
2861 8768014 2830
2862 8770844 4158
2863 8775002 1247
2864 8776249 1107
2865 8777356 1614
2866 8778970 1178
2867 8780148 1658
2868 8781806 820
2869 8782626 861
2870 8783487 3823
2871 8787310 826
2872 8788136 3110
2873 8791246 7841
2874 8799087 2543
2875 8801630 1502
2876 8803132 3157
2877 8806289 1154
2878 8807443 2695
2879 8810138 2347
2880 8812485 1342
2881 8813827 1025
2883 8814852 3068
2884 8817920 1460
2885 8819380 8349
2886 8827729 1459
2887 8829188 2052
2888 8831240 952
2889 8832192 1662
2890 8833854 1621
2891 8835475 910
2893 8836385 9642
2894 8846027 3955
2895 8849982 1024
2896 8851006 1080
2898 8852086 2155
2899 8854241 1926
2901 8856167 6201
2903 8862368 625
2905 8862993 3075
2906 8866068 1252
2907 8867320 2295
2908 8869615 1107
2909 8870722 3474
2910 8874196 4106
2911 8878302 4322
2912 8882624 6282
2913 8888906 3749
2914 8892655 706
2915 8893361 4271
2916 8897632 4075
2917 8901707 531
2918 8902238 993
2919 8903231 1578
2920 8904809 3649
2921 8908458 3583
2922 8912041 4798
2923 8916839 2692
2924 8919531 2073
2925 8921604 3125
2926 8924729 796
2929 8925525 3142
2930 8928667 2379
2931 8931046 2668
2933 8933714 2544
2934 8936258 4065
2935 8940323 2036
2936 8942359 1856
2937 8944215 4430
2938 8948645 1417
2939 8950062 4419
2940 8954481 3876
2941 8958357 5675
2943 8964032 4525
2947 8968557 6438
2948 8974995 2533
2949 8977528 3442
2950 8980970 2707
2953 8983677 758
2954 8984435 9110
2956 8993545 2199
2957 8995744 2515
2958 8998259 2385
2960 9000644 1341
2962 9001985 2940
2963 9004925 10166
2964 9015091 1271
2965 9016362 3963
2966 9020325 1119
2967 9021444 451
2968 9021895 10790
2969 9032685 1830
2970 9034515 3358
2971 9037873 3337
2973 9041210 9687
2974 9050897 2179
2975 9053076 1106
2976 9054182 775
2977 9054957 1049
2978 9056006 1827
2979 9057833 8516
2980 9066349 3450
2981 9069799 6340
2982 9076139 4809
2983 9080948 5605
2984 9086553 1701
2985 9088254 5355
2986 9093609 1686
2987 9095295 1705
2988 9097000 6797
2989 9103797 2779
2990 9106576 1491
2991 9108067 2061
2992 9110128 2575
2993 9112703 2572
2994 9115275 3775
2995 9119050 1960
2996 9121010 3125
2997 9124135 2442
2998 9126577 7778
2999 9134355 2655
3000 9137010 2006
3001 9139016 6209
3002 9145225 4237
3003 9149462 4357
3004 9153819 3826
3005 9157645 6879
3006 9164524 3596
3007 9168120 3276
3008 9171396 4616
3009 9176012 5258
3010 9181270 4435
3011 9185705 3411
3012 9189116 4113
3013 9193229 1131
3014 9194360 7939
3015 9202299 4563
3016 9206862 4381
3017 9211243 4366
3018 9215609 4078
3019 9219687 5556
3020 9225243 7790
3021 9233033 2338
3022 9235371 2119
3023 9237490 2942
3024 9240432 2936
3025 9243368 4606
3026 9247974 5421
3027 9253395 3160
3028 9256555 4080
3029 9260635 5452
3030 9266087 4674
3031 9270761 5110
3032 9275871 2482
3033 9278353 2720
3034 9281073 2960
3035 9284033 8254
3036 9292287 1220
3037 9293507 762
3039 9294269 4140
3040 9298409 3336
3041 9301745 1536
3042 9303281 9941
3043 9313222 3060
3044 9316282 8747
3045 9325029 3955
3046 9328984 5237
3047 9334221 4924
3048 9339145 8576
3049 9347721 4789
3050 9352510 3912
3051 9356422 513
3052 9356935 4678
3053 9361613 4386
3054 9365999 3806
3055 9369805 5817
3056 9375622 7209
3057 9382831 6461
3058 9389292 2565
3059 9391857 3352
3060 9395209 959
3061 9396168 22903
3062 9419071 18573
3063 9437644 2575
3064 9440219 8469
3065 9448688 1638
3066 9450326 2386
3067 9452712 7128
3068 9459840 3331
3069 9463171 11006
3070 9474177 2867
3071 9477044 3503
3072 9480547 3214
3073 9483761 4828
3074 9488589 7257
3075 9495846 6895
3076 9502741 6184
3077 9508925 1066
3078 9509991 2777
3079 9512768 3438
3080 9516206 1038
3081 9517244 2429
3082 9519673 1545
3083 9521218 6336
3084 9527554 13617
3085 9541171 2089
3086 9543260 12945
3087 9556205 6462
3088 9562667 2870
3089 9565537 5024
3090 9570561 1955
3091 9572516 9037
3092 9581553 6556
3093 9588109 2472
3094 9590581 6438
3095 9597019 6701
3096 9603720 8207
3097 9611927 3703
3098 9615630 5008
3099 9620638 3488
3100 9624126 1876
3101 9626002 979
3102 9626981 1398
3103 9628379 1157
3104 9629536 2086
3105 9631622 1286
3106 9632908 1725
3107 9634633 1795
3108 9636428 2169
3109 9638597 1791
3110 9640388 7654
3111 9648042 18342
3112 9666384 3866
3113 9670250 4398
3114 9674648 3333
3115 9677981 3536
3116 9681517 10500
3117 9692017 4052
3118 9696069 1206
3119 9697275 881
3120 9698156 1493
3121 9699649 954
3122 9700603 1962
3123 9702565 4451
3124 9707016 1619
3125 9708635 6231
3126 9714866 7687
3127 9722553 1982
3128 9724535 3992
3129 9728527 2662
3130 9731189 4760
3131 9735949 8837
3132 9744786 4966
3133 9749752 7964
3134 9757716 4774
3135 9762490 10028
3136 9772518 2201
3137 9774719 1606
3138 9776325 2090
3139 9778415 1865
3140 9780280 2426
3141 9782706 2884
3142 9785590 2572
3143 9788162 13291
3144 9801453 2479
3145 9803932 2250
3147 9806182 3076
3149 9809258 10150
3151 9819408 4710
3152 9824118 6990
3153 9831108 3650
3154 9834758 3417
3155 9838175 2837
3156 9841012 5868
3157 9846880 3074
3158 9849954 5849
3159 9855803 4763
3160 9860566 13725
3161 9874291 3821
3162 9878112 2960
3163 9881072 1614
3164 9882686 8099
3165 9890785 5669
3166 9896454 12480
3167 9908934 3806
3168 9912740 2195
3169 9914935 5458
3171 9920393 7918
3172 9928311 10133
3173 9938444 3593
3174 9942037 3379
3175 9945416 2175
3177 9947591 3774
3178 9951365 2021
3179 9953386 1474
3180 9954860 7369
3181 9962229 1011
3182 9963240 935
3183 9964175 1668
3184 9965843 3269
3185 9969112 1816
3186 9970928 4052
3188 9974980 4018
3189 9978998 1388
3190 9980386 4911
3191 9985297 2593
3192 9987890 1744
3193 9989634 1967
3194 9991601 1476
3195 9993077 2129
3196 9995206 991
3197 9996197 5428
3198 10001625 1960
3199 10003585 1490
3200 10005075 1845
3201 10006920 1159
3202 10008079 1166
3203 10009245 6947
3204 10016192 3745
3205 10019937 1011
3206 10020948 2461
3207 10023409 2220
3208 10025629 3211
3209 10028840 2576
3210 10031416 1085
3211 10032501 1735
3212 10034236 5098
3213 10039334 1239
3214 10040573 1639
3215 10042212 1720
3216 10043932 2399
3217 10046331 1667
3218 10047998 1571
3219 10049569 2628
3220 10052197 3211
3221 10055408 4653
3222 10060061 1773
3223 10061834 944
3224 10062778 1483
3225 10064261 2043
3226 10066304 1517
3227 10067821 1789
3228 10069610 1277
3229 10070887 1896
3230 10072783 1612
3231 10074395 849
3232 10075244 2707
3233 10077951 1864
3234 10079815 6144
3235 10085959 2718
3236 10088677 1393
3237 10090070 1195
3238 10091265 2677
3239 10093942 1446
3240 10095388 2306
3241 10097694 1457
3242 10099151 1329
3243 10100480 2181
3244 10102661 1510
3245 10104171 1705
3246 10105876 5209
3248 10111085 5599
3249 10116684 1665
3250 10118349 1287
3251 10119636 2960
3252 10122596 1592
3253 10124188 2780
3255 10126968 851
3256 10127819 1598
3257 10129417 3986
3258 10133403 3227
3259 10136630 2976
3260 10139606 3348
3261 10142954 2703
3262 10145657 1398
3263 10147055 1361
3264 10148416 875
3265 10149291 2156
3267 10151447 1081
3268 10152528 3315
3269 10155843 3192
3270 10159035 3769
3271 10162804 1745
3272 10164549 4863
3275 10169412 1776
3276 10171188 960
3277 10172148 1261
3278 10173409 976
3279 10174385 1153
3280 10175538 5077
3282 10180615 1846
3283 10182461 1120
3284 10183581 1283
3285 10184864 1229
3286 10186093 4174
3287 10190267 1497
3288 10191764 2680
3289 10194444 2132
3290 10196576 1090
3291 10197666 1825
3292 10199491 4990
3293 10204481 2329
3294 10206810 9648
3295 10216458 2015
3296 10218473 1849
3297 10220322 2641
3298 10222963 3183
3299 10226146 9534
3300 10235680 3458
3301 10239138 8374
3303 10247512 1722
3304 10249234 1061
3306 10250295 1051
3307 10251346 1364
3308 10252710 5356
3309 10258066 4988
3310 10263054 2147
3311 10265201 1734
3312 10266935 4012
3313 10270947 2315
3314 10273262 2252
3317 10275514 1470
3318 10276984 4275
3319 10281259 1259
3320 10282518 1227
3321 10283745 1404
3322 10285149 1681
3323 10286830 5179
3324 10292009 2518
3325 10294527 1368
3327 10295895 10924
3333 10306819 7027
3334 10313846 1859
3335 10315705 7357
3336 10323062 3381
3337 10326443 1914
3338 10328357 12882
3340 10341239 4671
3342 10345910 2468
3343 10348378 2315
3344 10350693 2147
3346 10352840 1374
3348 10354214 1163
3349 10355377 665
3350 10356042 4753
3352 10360795 1288
3353 10362083 895
3355 10362978 3109
3356 10366087 1888
3357 10367975 2871
3358 10370846 964
3359 10371810 1314
3360 10373124 1349
3361 10374473 521
3364 10374994 4951
3365 10379945 3238
3366 10383183 2204
3367 10385387 853
3368 10386240 779
3369 10387019 1238
3371 10388257 1584
3372 10389841 761
3373 10390602 1678
3375 10392280 547
3376 10392827 1835
3377 10394662 2465
3378 10397127 2316
3379 10399443 2681
3380 10402124 1643
3381 10403767 615
3382 10404382 2154
3383 10406536 2190
3384 10408726 2194
3385 10410920 2317
3386 10413237 2129
3387 10415366 475
3388 10415841 2422
3389 10418263 1227
3390 10419490 3095
3391 10422585 1553
3392 10424138 700
3393 10424838 1038
3394 10425876 1291
3395 10427167 5513
3396 10432680 1236
3397 10433916 1952
3398 10435868 2660
3399 10438528 2416
3400 10440944 1212
3402 10442156 6816
3403 10448972 3165
3404 10452137 2592
3405 10454729 5240
3406 10459969 1913
3407 10461882 2568
3408 10464450 4773
3409 10469223 4726
3410 10473949 4485
3411 10478434 3086
3412 10481520 7693
3413 10489213 5811
3414 10495024 3527
3415 10498551 3342
3416 10501893 2364
3417 10504257 3493
3418 10507750 2173
3419 10509923 2038
3420 10511961 9187
3421 10521148 5408
3422 10526556 7524
3423 10534080 5440
3424 10539520 4858
3425 10544378 8266
3426 10552644 11951
3427 10564595 6331
3428 10570926 1432
3429 10572358 1857
3430 10574215 975
3431 10575190 5299
3432 10580489 2952
3433 10583441 670
3434 10584111 4190
3435 10588301 815
3436 10589116 3148
3437 10592264 733
3438 10592997 920
3439 10593917 4228
3441 10598145 1275
3442 10599420 1807
3443 10601227 1148
3444 10602375 1636
3445 10604011 878
3446 10604889 2498
3447 10607387 4384
3448 10611771 4682
3449 10616453 1110
3450 10617563 2242
3451 10619805 956
3452 10620761 1972
3454 10622733 1193
3455 10623926 1483
3456 10625409 554
3457 10625963 3965
3458 10629928 1448
3459 10631376 4811
3460 10636187 2482
3461 10638669 2066
3462 10640735 2488
3463 10643223 2239
3464 10645462 3484
3465 10648946 1672
3466 10650618 1122
3467 10651740 2606
3468 10654346 2025
3469 10656371 1895
3470 10658266 4290
3471 10662556 14596
3472 10677152 2122
3473 10679274 6585
3474 10685859 13728
3475 10699587 9059
3476 10708646 3703
3477 10712349 4604
3478 10716953 3637
3479 10720590 5669
3480 10726259 1688
3482 10727947 3984
3483 10731931 1889
3484 10733820 9761
3485 10743581 6484
3486 10750065 2450
3487 10752515 4526
3488 10757041 7548
3489 10764589 2083
3490 10766672 3702
3491 10770374 4310
3492 10774684 1083
3493 10775767 2211
3494 10777978 3126
3495 10781104 5159
3496 10786263 5550
3497 10791813 4684
3498 10796497 5521
3499 10802018 1863
3500 10803881 3867
3501 10807748 6065
3503 10813813 4420
3504 10818233 957
3505 10819190 774
3506 10819964 4158
3507 10824122 2655
3508 10826777 2944
3509 10829721 1238
3510 10830959 1931
3511 10832890 2304
3512 10835194 2722
3513 10837916 2290
3514 10840206 1277
3515 10841483 4685
3516 10846168 4566
3517 10850734 3563
3518 10854297 3116
3519 10857413 4090
3520 10861503 4489
3521 10865992 2759
3522 10868751 3807
3523 10872558 2294
3524 10874852 1725
3525 10876577 2283
3526 10878860 20484
3527 10899344 3296
3528 10902640 4068
3529 10906708 1903
3530 10908611 8718
3531 10917329 2662
3532 10919991 5301
3533 10925292 5333
3534 10930625 3673
3535 10934298 4154
3536 10938452 5916
3537 10944368 3013
3538 10947381 5446
3539 10952827 1722
3540 10954549 2605
3541 10957154 5016
3542 10962170 4773
3543 10966943 3296
3544 10970239 5404
3545 10975643 5475
3546 10981118 4262
3547 10985380 2522
3548 10987902 4396
3549 10992298 7384
3551 10999682 4715
3553 11004397 886
3554 11005283 777
3555 11006060 2218
3556 11008278 1763
3557 11010041 921
3558 11010962 1823
3559 11012785 12121
3560 11024906 4419
3563 11029325 9965
3564 11039290 1100
3566 11040390 3364
3567 11043754 1386
3568 11045140 3500
3569 11048640 5350
3571 11053990 5525
3575 11059515 2563
3584 11062078 1531
3585 11063609 3303
3586 11066912 1865
3587 11068777 3260
3588 11072037 5096
3589 11077133 2115
3590 11079248 5815
3592 11085063 4200
3593 11089263 4901
3646 11094164 4239
3647 11098403 3596
3649 11101999 3043
3650 11105042 4811
3652 11109853 2612
3653 11112465 2713
3655 11115178 3457
3656 11118635 19786
3657 11138421 3989
3658 11142410 1243
3661 11143653 5338
3662 11148991 4310
3663 11153301 3784
3664 11157085 4362
3665 11161447 3059
3667 11164506 4294
3668 11168800 3726
3670 11172526 3985
3671 11176511 4147
3672 11180658 3531
3673 11184189 3633
3674 11187822 3793
3675 11191615 3992
3676 11195607 3459
3677 11199066 4300
3679 11203366 3753
3680 11207119 4709
3681 11211828 3493
3683 11215321 4766
3684 11220087 4175
3685 11224262 3941
3687 11228203 2835
3688 11231038 3080
3689 11234118 3122
3690 11237240 4051
3691 11241291 3257
3692 11244548 19346
3693 11263894 4344
3694 11268238 3397
3695 11271635 1543
3696 11273178 3443
3697 11276621 3503
3698 11280124 19531
3699 11299655 4663
3700 11304318 1500
3701 11305818 3403
3702 11309221 4838
3703 11314059 4136
3705 11318195 1216
3706 11319411 3443
3707 11322854 5435
3708 11328289 3765
3709 11332054 5055
3711 11337109 3277
3713 11340386 3718
3714 11344104 3470
3715 11347574 2724
3716 11350298 3226
3717 11353524 3634
3718 11357158 3183
3719 11360341 3540
3720 11363881 18929
3721 11382810 4506
3722 11387316 3771
3723 11391087 3611
3724 11394698 1584
3725 11396282 4319
3726 11400601 1228
3727 11401829 922
3728 11402751 2950
3729 11405701 4061
3730 11409762 3539
3731 11413301 2838
3732 11416139 3518
3733 11419657 2600
3734 11422257 1099
3735 11423356 4212
3736 11427568 19804
3739 11447372 3319
3740 11450691 4805
3741 11455496 3305
3743 11458801 3637
