1 0 5094
2 5094 9780
3 14874 1641
4 16515 730
5 17245 715
6 17960 2909
7 20869 1859
8 22728 2300
9 25028 3171
10 28199 2882
11 31081 2945
12 34026 2997
13 37023 2427
14 39450 2458
15 41908 2527
16 44435 843
17 45278 1585
18 46863 5819
19 52682 2567
20 55249 1277
21 56526 2034
22 58560 1569
23 60129 2887
24 63016 5792
25 68808 1184
26 69992 2811
27 72803 1833
28 74636 1226
29 75862 1110
30 76972 1767
31 78739 5981
32 84720 1791
33 86511 3429
34 89940 1584
35 91524 602
36 92126 2693
37 94819 888
38 95707 5750
39 101457 5200
40 106657 1602
41 108259 753
42 109012 782
43 109794 2474
44 112268 5789
45 118057 3727
46 121784 3703
47 125487 3661
48 129148 3756
49 132904 3810
50 136714 3838
51 140552 4042
52 144594 3859
53 148453 3784
54 152237 3808
55 156045 3826
56 159871 3745
57 163616 3784
58 167400 3802
59 171202 3798
60 175000 3845
61 178845 3684
62 182529 618
63 183147 5805
64 188952 674
65 189626 2794
66 192420 2857
67 195277 1082
68 196359 1265
69 197624 7570
70 205194 1474
71 206668 2286
72 208954 2082
73 211036 1447
74 212483 973
75 213456 1692
76 215148 2612
77 217760 1898
78 219658 17029
79 236687 1536
80 238223 4837
81 243060 2098
82 245158 2809
83 247967 6269
84 254236 513
85 254749 4022
86 258771 2030
87 260801 1202
88 262003 4648
89 266651 839
90 267490 2107
91 269597 1885
92 271482 4172
93 275654 4685
94 280339 9227
95 289566 4120
96 293686 2696
97 296382 830
98 297212 795
99 298007 898
100 298905 1043
101 299948 8490
102 308438 4209
103 312647 3210
104 315857 12842
105 328699 4559
106 333258 2356
107 335614 2412
108 338026 644
109 338670 1361
110 340031 10067
111 350098 21746
112 371844 856
113 372700 3498
114 376198 3819
115 380017 1407
116 381424 1052
117 382476 5744
118 388220 1197
119 389417 895
120 390312 10805
121 401117 1340
122 402457 17710
123 420167 9458
124 429625 2828
125 432453 3955
126 436408 1340
127 437748 4583
128 442331 5940
129 448271 1044
130 449315 862
131 450177 2286
132 452463 8150
133 460613 3239
134 463852 1826
135 465678 514
136 466192 1532
137 467724 2260
138 469984 3792
139 473776 5918
140 479694 1314
141 481008 3152
142 484160 1224
143 485384 1298
144 486682 1088
145 487770 5520
146 493290 914
147 494204 4348
148 498552 327
149 498879 8859
150 507738 3574
151 511312 1590
152 512902 1322
153 514224 6379
154 520603 4056
155 524659 1234
156 525893 2927
157 528820 2640
158 531460 1763
159 533223 4094
160 537317 12800
161 550117 1458
162 551575 4013
163 555588 3563
164 559151 1348
165 560499 1071
166 561570 3942
167 565512 6856
168 572368 12922
169 585290 1567
170 586857 1501
171 588358 1436
172 589794 2414
173 592208 2141
174 594349 1730
175 596079 1747
176 597826 1138
177 598964 1619
178 600583 788
179 601371 7004
180 608375 8111
181 616486 1460
182 617946 1066
183 619012 4650
184 623662 2405
185 626067 1148
186 627215 6417
187 633632 1753
188 635385 7534
189 642919 2148
190 645067 6371
191 651438 3974
192 655412 1374
193 656786 8314
194 665100 6875
195 671975 9510
196 681485 3623
197 685108 2206
198 687314 3372
199 690686 4709
200 695395 1662
201 697057 3674
202 700731 1993
203 702724 3209
204 705933 2854
205 708787 7570
206 716357 403
207 716760 505
208 717265 11253
209 728518 4484
210 733002 3669
211 736671 9019
212 745690 3400
213 749090 2044
214 751134 1994
215 753128 7124
216 760252 6457
217 766709 3683
218 770392 2239
219 772631 14962
220 787593 6407
221 794000 1321
222 795321 1968
223 797289 2930
224 800219 2577
225 802796 2129
226 804925 1581
227 806506 733
228 807239 1383
229 808622 727
230 809349 379
231 809728 3980
232 813708 3917
233 817625 3055
234 820680 4157
235 824837 7600
236 832437 5430
237 837867 1348
238 839215 5319
239 844534 1165
240 845699 921
241 846620 1851
242 848471 2412
243 850883 5489
244 856372 2503
245 858875 8093
246 866968 2463
247 869431 908
248 870339 839
249 871178 1635
250 872813 2231
251 875044 7279
252 882323 1633
253 883956 4761
254 888717 2449
255 891166 3630
256 894796 2685
257 897481 6961
258 904442 2296
259 906738 3015
260 909753 4597
261 914350 2515
262 916865 2877
263 919742 1898
264 921640 1267
265 922907 4730
266 927637 1627
267 929264 996
268 930260 1595
269 931855 1793
270 933648 4602
271 938250 1666
272 939916 2678
273 942594 9342
274 951936 1870
275 953806 2627
276 956433 9083
277 965516 3544
278 969060 6151
279 975211 3362
280 978573 2949
281 981522 7875
282 989397 1727
283 991124 2194
284 993318 1640
285 994958 956
286 995914 2381
287 998295 1672
288 999967 1774
289 1001741 15072
290 1016813 7380
291 1024193 3136
292 1027329 1668
293 1028997 1404
294 1030401 7681
295 1038082 1985
296 1040067 2107
297 1042174 1777
298 1043951 1679
299 1045630 2070
300 1047700 1150
301 1048850 8065
302 1056915 11529
303 1068444 2027
304 1070471 3587
305 1074058 5149
306 1079207 5314
307 1084521 5142
308 1089663 6320
309 1095983 1013
310 1096996 7178
311 1104174 2923
312 1107097 9515
313 1116612 4199
314 1120811 6404
315 1127215 2865
316 1130080 1574
317 1131654 2901
318 1134555 3381
319 1137936 1752
320 1139688 5534
321 1145222 9052
322 1154274 167
323 1154441 2273
324 1156714 8400
325 1165114 6778
326 1171892 6440
327 1178332 3669
328 1182001 3362
329 1185363 2868
330 1188231 3394
331 1191625 450
332 1192075 2148
333 1194223 3906
334 1198129 3595
335 1201724 2890
336 1204614 3559
337 1208173 2676
338 1210849 6541
339 1217390 9402
340 1226792 8419
341 1235211 10506
342 1245717 9673
343 1255390 10255
344 1265645 7937
345 1273582 5453
346 1279035 6223
347 1285258 7472
348 1292730 3530
349 1296260 3969
350 1300229 2350
351 1302579 1537
352 1304116 1642
353 1305758 3131
354 1308889 3493
355 1312382 7579
356 1319961 6321
357 1326282 5916
358 1332198 3552
359 1335750 4573
360 1340323 3463
361 1343786 11583
362 1355369 5131
363 1360500 6620
364 1367120 4785
365 1371905 1050
366 1372955 4146
367 1377101 3637
368 1380738 3422
369 1384160 4291
370 1388451 4884
371 1393335 4537
372 1397872 7965
373 1405837 2225
374 1408062 5517
375 1413579 4357
376 1417936 6511
377 1424447 4769
378 1429216 2147
379 1431363 2123
380 1433486 1473
381 1434959 3293
382 1438252 4575
383 1442827 4114
384 1446941 6215
385 1453156 8557
386 1461713 1833
387 1463546 5760
388 1469306 7254
389 1476560 1265
390 1477825 3400
391 1481225 4087
392 1485312 1606
393 1486918 7274
394 1494192 2734
395 1496926 10119
396 1507045 4272
397 1511317 5784
398 1517101 794
399 1517895 3736
400 1521631 1955
401 1523586 1987
402 1525573 3107
403 1528680 6310
404 1534990 974
405 1535964 6631
406 1542595 928
407 1543523 1138
408 1544661 779
409 1545440 6303
410 1551743 2835
411 1554578 5069
412 1559647 9060
413 1568707 7345
414 1576052 1822
415 1577874 5481
416 1583355 3591
417 1586946 1500
418 1588446 632
419 1589078 3275
420 1592353 9161
421 1601514 2870
422 1604384 2208
423 1606592 5705
424 1612297 1291
425 1613588 4403
426 1617991 683
427 1618674 2544
428 1621218 1529
429 1622747 1126
430 1623873 2508
431 1626381 4352
432 1630733 2917
433 1633650 5422
434 1639072 5856
435 1644928 4455
436 1649383 2752
437 1652135 2058
438 1654193 1060
439 1655253 798
440 1656051 2629
441 1658680 5773
442 1664453 938
443 1665391 1798
444 1667189 1725
445 1668914 7463
446 1676377 1197
447 1677574 2217
448 1679791 2422
449 1682213 1384
450 1683597 573
451 1684170 4994
452 1689164 6112
453 1695276 11614
454 1706890 1208
455 1708098 2333
456 1710431 1020
457 1711451 1255
458 1712706 2173
459 1714879 2811
460 1717690 5177
461 1722867 2431
462 1725298 3013
463 1728311 20070
464 1748381 2839
465 1751220 1603
466 1752823 2237
467 1755060 1754
468 1756814 1451
469 1758265 7341
470 1765606 4593
471 1770199 12581
472 1782780 2403
473 1785183 1813
474 1786996 1436
475 1788432 3099
476 1791531 1369
477 1792900 3871
478 1796771 1094
479 1797865 1121
480 1798986 1327
481 1800313 2376
482 1802689 1950
483 1804639 2351
484 1806990 3456
485 1810446 190
486 1810636 961
487 1811597 7310
488 1818907 5200
489 1824107 6560
490 1830667 4424
491 1835091 3689
492 1838780 2740
493 1841520 3952
494 1845472 5277
495 1850749 2835
496 1853584 1955
497 1855539 4733
498 1860272 1216
499 1861488 2552
500 1864040 1582
501 1865622 3070
502 1868692 1171
503 1869863 576
504 1870439 1562
505 1872001 1633
506 1873634 1559
507 1875193 8813
508 1884006 7776
509 1891782 4428
510 1896210 2919
511 1899129 602
512 1899731 7683
513 1907414 4041
514 1911455 12549
515 1924004 4923
516 1928927 2522
517 1931449 3898
518 1935347 16202
519 1951549 6308
520 1957857 2619
521 1960476 297
522 1960773 2347
523 1963120 3854
524 1966974 2816
525 1969790 13559
526 1983349 7931
527 1991280 1908
528 1993188 2779
529 1995967 1930
530 1997897 1848
531 1999745 3469
532 2003214 2214
533 2005428 3056
534 2008484 1989
535 2010473 1827
536 2012300 2189
537 2014489 2935
538 2017424 2855
539 2020279 1929
540 2022208 2214
541 2024422 2189
542 2026611 1827
543 2028438 1989
544 2030427 2602
545 2033029 3319
546 2036348 2166
547 2038514 1909
548 2040423 1772
549 2042195 2084
550 2044279 4500
551 2048779 3896
552 2052675 3798
553 2056473 3005
554 2059478 2450
555 2061928 2565
556 2064493 2330
557 2066823 2371
558 2069194 4500
559 2073694 312
560 2074006 5863
561 2079869 3896
562 2083765 3798
563 2087563 9952
564 2097515 2806
565 2100321 958
566 2101279 4423
567 2105702 7171
568 2112873 297
569 2113170 3197
570 2116367 2670
571 2119037 2377
572 2121414 2596
573 2124010 3567
574 2127577 4352
575 2131929 2609
576 2134538 4990
577 2139528 2748
578 2142276 8227
579 2150503 2751
580 2153254 6286
581 2159540 2445
582 2161985 1218
583 2163203 17839
584 2181042 9872
585 2190914 2959
586 2193873 3242
587 2197115 5886
588 2203001 3481
589 2206482 1940
590 2208422 3078
591 2211500 4493
592 2215993 4374
593 2220367 3718
594 2224085 2990
595 2227075 24574
596 2251649 11331
597 2262980 16323
598 2279303 3784
599 2283087 7388
600 2290475 1281
601 2291756 1059
602 2292815 9061
603 2301876 11250
604 2313126 9235
605 2322361 15990
606 2338351 8737
607 2347088 8429
608 2355517 7364
609 2362881 11275
610 2374156 19488
611 2393644 13538
612 2407182 5466
613 2412648 474
614 2413122 814
615 2413936 3178
616 2417114 7324
617 2424438 521
618 2424959 1519
619 2426478 3441
620 2429919 2085
621 2432004 9151
622 2441155 8005
623 2449160 8548
624 2457708 4673
625 2462381 2671
626 2465052 4065
627 2469117 5062
628 2474179 7134
629 2481313 3389
630 2484702 2816
631 2487518 661
632 2488179 1034
633 2489213 1622
634 2490835 6660
635 2497495 1330
636 2498825 11433
637 2510258 6330
638 2516588 4421
639 2521009 25788
640 2546797 3732
641 2550529 5125
642 2555654 8388
643 2564042 9755
644 2573797 4615
645 2578412 6355
646 2584767 9581
647 2594348 12829
648 2607177 4674
649 2611851 10942
650 2622793 6256
651 2629049 5093
652 2634142 1739
653 2635881 3798
654 2639679 4749
655 2644428 3692
656 2648120 10700
657 2658820 9898
658 2668718 6832
659 2675550 6093
660 2681643 6571
661 2688214 5789
662 2694003 4082
663 2698085 3891
664 2701976 3487
665 2705463 3826
666 2709289 3316
667 2712605 12260
668 2724865 12827
669 2737692 4213
670 2741905 2845
671 2744750 5556
672 2750306 15902
673 2766208 4277
674 2770485 701
675 2771186 1186
676 2772372 4394
677 2776766 4368
678 2781134 2073
679 2783207 13022
680 2796229 6691
681 2802920 8818
682 2811738 7731
683 2819469 10682
684 2830151 198
685 2830349 6989
686 2837338 8932
687 2846270 2326
688 2848596 8148
689 2856744 8280
690 2865024 3881
691 2868905 5741
692 2874646 10252
693 2884898 2531
694 2887429 13728
695 2901157 4671
696 2905828 513
697 2906341 1517
698 2907858 3072
699 2910930 2669
700 2913599 2737
701 2916336 1909
702 2918245 2428
703 2920673 7154
704 2927827 1546
705 2929373 1137
706 2930510 1137
707 2931647 1129
708 2932776 1137
709 2933913 1137
710 2935050 1137
711 2936187 1137
712 2937324 1137
713 2938461 1137
714 2939598 780
715 2940378 1112
716 2941490 8072
717 2949562 5538
718 2955100 1312
719 2956412 1996
720 2958408 4747
721 2963155 6777
722 2969932 8178
723 2978110 3908
724 2982018 5482
725 2987500 1236
726 2988736 8848
727 2997584 6008
728 3003592 2052
729 3005644 4447
730 3010091 1934
731 3012025 9296
732 3021321 2392
733 3023713 1260
734 3024973 2913
735 3027886 2147
736 3030033 3004
737 3033037 930
738 3033967 3760
739 3037727 2586
740 3040313 1504
741 3041817 3399
742 3045216 1646
743 3046862 6364
744 3053226 2458
745 3055684 2145
746 3057829 5064
747 3062893 8560
748 3071453 5182
749 3076635 1080
750 3077715 1292
751 3079007 1455
752 3080462 2458
753 3082920 2354
754 3085274 1812
755 3087086 3495
756 3090581 2412
757 3092993 3919
758 3096912 3747
759 3100659 429
760 3101088 13379
761 3114467 9596
762 3124063 2454
763 3126517 2076
764 3128593 2424
765 3131017 2648
766 3133665 6375
767 3140040 7990
768 3148030 5222
769 3153252 5940
770 3159192 4552
771 3163744 2488
772 3166232 2476
773 3168708 7407
774 3176115 8504
775 3184619 5398
776 3190017 636
777 3190653 2787
778 3193440 3238
779 3196678 1127
780 3197805 1770
781 3199575 1913
782 3201488 629
783 3202117 470
784 3202587 593
785 3203180 2565
786 3205745 2507
787 3208252 1910
788 3210162 5762
789 3215924 2025
790 3217949 3813
791 3221762 8126
792 3229888 4180
793 3234068 2376
794 3236444 1566
795 3238010 3001
796 3241011 1768
797 3242779 8299
798 3251078 1688
799 3252766 4312
800 3257078 5456
801 3262534 3012
802 3265546 2744
803 3268290 3737
804 3272027 2119
805 3274146 4003
806 3278149 13134
807 3291283 2510
808 3293793 1914
809 3295707 3618
810 3299325 3861
811 3303186 3871
812 3307057 1892
813 3308949 5434
814 3314383 6872
815 3321255 2504
816 3323759 4578
817 3328337 6972
818 3335309 1499
819 3336808 2480
820 3339288 2669
821 3341957 810
822 3342767 5357
823 3348124 265
824 3348389 834
825 3349223 3573
826 3352796 5922
827 3358718 1234
828 3359952 1381
829 3361333 3683
830 3365016 4579
831 3369595 2383
832 3371978 2199
833 3374177 3773
834 3377950 4057
835 3382007 925
836 3382932 2934
837 3385866 1136
838 3387002 1780
839 3388782 1999
840 3390781 3123
841 3393904 7140
842 3401044 8609
843 3409653 3963
844 3413616 3994
845 3417610 4624
846 3422234 3900
847 3426134 4627
848 3430761 1154
849 3431915 4213
850 3436128 2705
851 3438833 1713
852 3440546 1075
853 3441621 4037
854 3445658 3873
855 3449531 2887
856 3452418 1287
857 3453705 3163
858 3456868 7688
859 3464556 19071
860 3483627 2194
861 3485821 3782
862 3489603 1644
863 3491247 4250
864 3495497 5118
865 3500615 8851
866 3509466 3141
867 3512607 13374
868 3525981 3742
869 3529723 182
870 3529905 6372
871 3536277 8708
872 3544985 5765
873 3550750 2164
874 3552914 4972
875 3557886 1211
876 3559097 3861
877 3562958 6362
878 3569320 1662
879 3570982 3437
880 3574419 2803
881 3577222 6290
882 3583512 5393
883 3588905 1804
884 3590709 6752
885 3597461 3671
886 3601132 10432
887 3611564 6978
888 3618542 4560
889 3623102 3522
890 3626624 6450
891 3633074 9636
892 3642710 1590
893 3644300 2775
894 3647075 2398
895 3649473 4557
896 3654030 8711
897 3662741 1583
898 3664324 4813
899 3669137 3326
900 3672463 3677
901 3676140 6343
902 3682483 1474
903 3683957 2671
904 3686628 2080
905 3688708 3095
906 3691803 1589
907 3693392 8501
908 3701893 3490
909 3705383 3377
910 3708760 1352
911 3710112 7902
912 3718014 8186
913 3726200 8623
914 3734823 5672
915 3740495 7405
916 3747900 7068
917 3754968 5477
918 3760445 1781
919 3762226 6410
920 3768636 9022
921 3777658 3850
922 3781508 4579
923 3786087 2713
924 3788800 2383
925 3791183 3847
926 3795030 4795
927 3799825 4248
928 3804073 3233
929 3807306 7038
930 3814344 8561
931 3822905 8474
932 3831379 2782
933 3834161 631
934 3834792 4175
935 3838967 8121
936 3847088 8322
937 3855410 5393
938 3860803 2398
939 3863201 7583
940 3870784 6627
941 3877411 3447
942 3880858 2884
943 3883742 1044
944 3884786 3038
945 3887824 10585
946 3898409 7548
947 3905957 7601
948 3913558 1025
949 3914583 2953
950 3917536 1778
951 3919314 8012
952 3927326 6926
953 3934252 4046
954 3938298 1016
955 3939314 9564
956 3948878 9615
957 3958493 2690
958 3961183 3778
959 3964961 5675
960 3970636 14767
961 3985403 3029
962 3988432 4440
963 3992872 7876
964 4000748 6483
965 4007231 2491
966 4009722 3850
967 4013572 3785
968 4017357 1843
969 4019200 3370
970 4022570 5062
971 4027632 2224
972 4029856 1090
973 4030946 1347
974 4032293 3979
975 4036272 974
976 4037246 3470
977 4040716 3284
978 4044000 3659
979 4047659 3260
980 4050919 2448
981 4053367 970
982 4054337 1245
983 4055582 8050
984 4063632 6996
985 4070628 4467
986 4075095 7281
987 4082376 979
988 4083355 3313
989 4086668 9054
990 4095722 2131
991 4097853 6279
992 4104132 6270
993 4110402 1126
994 4111528 814
995 4112342 6784
996 4119126 3565
997 4122691 2664
998 4125355 1007
999 4126362 5304
1000 4131666 1299
1001 4132965 14591
1002 4147556 1091
1003 4148647 1312
1004 4149959 5230
1005 4155189 2497
1006 4157686 3084
1007 4160770 6869
1008 4167639 6201
1009 4173840 9199
1010 4183039 11692
1011 4194731 2068
1012 4196799 6497
1013 4203296 5812
1014 4209108 10025
1015 4219133 7703
1016 4226836 176
1017 4227012 212
1018 4227224 237
1019 4227461 164
1020 4227625 198
1021 4227823 176
1022 4227999 221
1023 4228220 5972
1024 4234192 1218
1025 4235410 4930
1026 4240340 9977
1027 4250317 5499
1028 4255816 3032
1029 4258848 1985
1030 4260833 1949
1031 4262782 2312
1032 4265094 1815
1033 4266909 1409
1034 4268318 1489
1035 4269807 1554
1036 4271361 1628
1037 4272989 3450
1038 4276439 2540
1039 4278979 15268
1040 4294247 3296
1041 4297543 7963
1042 4305506 3669
1043 4309175 3419
1044 4312594 6145
1045 4318739 2545
1046 4321284 3679
1047 4324963 2750
1048 4327713 9356
1049 4337069 1373
1050 4338442 162
1051 4338604 1921
1052 4340525 4966
1053 4345491 1391
1054 4346882 1687
1055 4348569 1825
1056 4350394 2864
1057 4353258 8158
1058 4361416 7509
1059 4368925 3479
1060 4372404 9740
1061 4382144 1634
1062 4383778 941
1063 4384719 1644
1064 4386363 4122
1065 4390485 3751
1066 4394236 1014
1067 4395250 15082
1068 4410332 4122
1069 4414454 6499
1070 4420953 3476
1071 4424429 3487
1072 4427916 1205
1073 4429121 4782
1074 4433903 751
1075 4434654 488
1076 4435142 7780
1077 4442922 2848
1078 4445770 3618
1079 4449388 2724
1080 4452112 1202
1081 4453314 982
1082 4454296 2134
1083 4456430 221
1084 4456651 176
1085 4456827 231
1086 4457058 11852
1087 4468910 5346
1088 4474256 5889
1089 4480145 1755
1090 4481900 1039
1091 4482939 22660
1092 4505599 1496
1093 4507095 6610
1094 4513705 6403
1095 4520108 9567
1096 4529675 1619
1097 4531294 3765
1098 4535059 2089
1099 4537148 1607
1100 4538755 204
1101 4538959 2804
1102 4541763 931
1103 4542694 1108
1104 4543802 15561
1105 4559363 6416
1106 4565779 13947
1107 4579726 720
1108 4580446 2753
1109 4583199 2035
1110 4585234 2592
1111 4587826 2768
1112 4590594 1761
1113 4592355 20047
1114 4612402 9022
1115 4621424 3555
1116 4624979 3537
1117 4628516 3378
1118 4631894 2086
1119 4633980 3345
1120 4637325 413
1121 4637738 2530
1122 4640268 2892
1123 4643160 13913
1124 4657073 1790
1125 4658863 4091
1126 4662954 2743
1127 4665697 2952
1128 4668649 912
1129 4669561 671
1130 4670232 20133
1131 4690365 3829
1132 4694194 213
1133 4694407 4197
1134 4698604 7384
1135 4705988 9314
1136 4715302 19666
1137 4734968 933
1138 4735901 599
1139 4736500 2307
1140 4738807 1597
1141 4740404 4948
1142 4745352 3298
1143 4748650 4031
1144 4752681 2483
1145 4755164 4574
1146 4759738 1127
1147 4760865 1986
1148 4762851 652
1149 4763503 404
1150 4763907 9902
1151 4773809 2283
1152 4776092 836
1153 4776928 3525
1154 4780453 914
1155 4781367 2568
1156 4783935 3106
1157 4787041 313
1158 4787354 7197
1159 4794551 19014
1160 4813565 5685
1161 4819250 1285
1162 4820535 2162
1163 4822697 2330
1164 4825027 2591
1165 4827618 2533
1166 4830151 1227
1167 4831378 8982
1168 4840360 3630
1169 4843990 2128
1170 4846118 2341
1171 4848459 22078
1172 4870537 835
1173 4871372 378
1174 4871750 1134
1175 4872884 3827
1176 4876711 1118
1177 4877829 3521
1178 4881350 3233
1179 4884583 1560
1180 4886143 1329
1181 4887472 1999
1182 4889471 2140
1183 4891611 1266
1184 4892877 1296
1185 4894173 3878
1186 4898051 535
1187 4898586 6453
1188 4905039 2557
1189 4907596 3655
1190 4911251 803
1191 4912054 1254
1192 4913308 2400
1193 4915708 672
1194 4916380 771
1195 4917151 5000
1196 4922151 1941
1197 4924092 1547
1198 4925639 2546
1199 4928185 1993
1200 4930178 3738
1201 4933916 928
1202 4934844 1193
1203 4936037 1912
1204 4937949 1424
1205 4939373 3797
1206 4943170 5704
1207 4948874 2226
1208 4951100 2888
1209 4953988 1490
1210 4955478 5736
1211 4961214 2644
1212 4963858 1273
1213 4965131 1251
1214 4966382 1320
1215 4967702 7941
1216 4975643 1698
1217 4977341 2816
1218 4980157 1228
1219 4981385 1416
1220 4982801 5110
1221 4987911 3027
1222 4990938 1282
1223 4992220 2774
1224 4994994 1429
1225 4996423 915
1226 4997338 2761
1227 5000099 1480
1228 5001579 893
1229 5002472 2986
1230 5005458 1208
1231 5006666 8765
1232 5015431 2594
1233 5018025 1610
1234 5019635 2220
1235 5021855 1976
1236 5023831 6239
1237 5030070 2064
1238 5032134 1552
1239 5033686 3133
1240 5036819 4045
1241 5040864 2669
1242 5043533 2868
1243 5046401 1022
1244 5047423 1404
1245 5048827 5491
1246 5054318 1632
1247 5055950 3604
1248 5059554 2066
1249 5061620 5794
1250 5067414 6766
1251 5074180 1206
1252 5075386 1505
1253 5076891 342
1254 5077233 2184
1255 5079417 1727
1256 5081144 2931
1257 5084075 1205
1258 5085280 1945
1259 5087225 907
1260 5088132 1853
1261 5089985 2952
1262 5092937 6871
1263 5099808 2646
1264 5102454 1548
1265 5104002 1753
1266 5105755 1690
1267 5107445 945
1268 5108390 8944
1269 5117334 5595
1270 5122929 5653
1271 5128582 5470
1272 5134052 6727
1273 5140779 2058
1274 5142837 19441
1275 5162278 7665
1276 5169943 1804
1277 5171747 1222
1278 5172969 3020
1279 5175989 1842
1280 5177831 2677
1281 5180508 4159
1282 5184667 1397
1283 5186064 579
1284 5186643 6556
1285 5193199 2400
1286 5195599 1813
1287 5197412 3331
1288 5200743 1873
1289 5202616 13743
1290 5216359 526
1291 5216885 1624
1292 5218509 3015
1293 5221524 2352
1294 5223876 2816
1295 5226692 18358
1296 5245050 775
1297 5245825 1089
1298 5246914 2932
1299 5249846 4404
1300 5254250 9672
1301 5263922 2184
1302 5266106 3159
1303 5269265 2094
1304 5271359 2275
1305 5273634 1888
1306 5275522 1768
1307 5277290 5368
1308 5282658 5458
1309 5288116 2495
1310 5290611 3406
1311 5294017 4770
1312 5298787 3721
1313 5302508 3374
1314 5305882 15482
1315 5321364 4138
1316 5325502 3591
1317 5329093 10151
1318 5339244 1676
1319 5340920 1497
1320 5342417 5862
1321 5348279 10954
1322 5359233 5248
1323 5364481 3850
1324 5368331 2193
1325 5370524 1304
1326 5371828 662
1327 5372490 1528
1328 5374018 4647
1329 5378665 2733
1330 5381398 1949
1331 5383347 8789
1332 5392136 6269
1333 5398405 5189
1334 5403594 1970
1335 5405564 6472
1336 5412036 2966
1337 5415002 2936
1338 5417938 7508
1339 5425446 1694
1340 5427140 2114
1341 5429254 2589
1342 5431843 1696
1343 5433539 1598
1344 5435137 10915
1345 5446052 7612
1346 5453664 3378
1347 5457042 3035
1348 5460077 1897
1349 5461974 5572
1350 5467546 8183
1351 5475729 3205
1352 5478934 575
1353 5479509 3654
1354 5483163 5121
1355 5488284 6907
1356 5495191 919
1357 5496110 2361
1358 5498471 4366
1359 5502837 3550
1360 5506387 2903
1361 5509290 5624
1362 5514914 5086
1363 5520000 7352
1364 5527352 1122
1365 5528474 3937
1366 5532411 1345
1367 5533756 7345
1368 5541101 3291
1369 5544392 4380
1370 5548772 4874
1371 5553646 2343
1372 5555989 6077
1373 5562066 2277
1374 5564343 1706
1375 5566049 15310
1376 5581359 9295
1377 5590654 5391
1378 5596045 1369
1379 5597414 5694
1380 5603108 1391
1381 5604499 6562
1382 5611061 4631
1383 5615692 4607
1384 5620299 9766
1385 5630065 1729
1386 5631794 3475
1387 5635269 15704
1388 5650973 9595
1389 5660568 3907
1390 5664475 7894
1391 5672369 13777
1392 5686146 3795
1393 5689941 14089
1394 5704030 5397
1395 5709427 462
1396 5709889 3153
1397 5713042 2101
1398 5715143 10184
1399 5725327 1117
1400 5726444 1333
1401 5727777 5172
1402 5732949 2523
1403 5735472 6645
1404 5742117 7816
1405 5749933 1408
1406 5751341 1762
1407 5753103 2236
1408 5755339 3404
1409 5758743 1948
1410 5760691 2092
1411 5762783 6039
1412 5768822 2064
1413 5770886 1447
1414 5772333 1097
1415 5773430 3168
1416 5776598 6305
1417 5782903 1974
1418 5784877 2382
1419 5787259 2599
1420 5789858 2603
1421 5792461 3593
1422 5796054 1403
1423 5797457 8486
1424 5805943 3900
1425 5809843 1470
1426 5811313 10436
1427 5821749 4090
1428 5825839 7193
1429 5833032 10026
1430 5843058 3350
1431 5846408 6486
1432 5852894 4363
1433 5857257 4652
1434 5861909 2984
1435 5864893 1311
1436 5866204 3064
1437 5869268 1947
1438 5871215 1660
1439 5872875 1706
1440 5874581 3344
1441 5877925 2055
1442 5879980 2120
1443 5882100 974
1444 5883074 1884
1445 5884958 3948
1446 5888906 2189
1447 5891095 5389
1448 5896484 1735
1449 5898219 1887
1450 5900106 2535
1451 5902641 2185
1452 5904826 2370
1453 5907196 2177
1454 5909373 1784
1455 5911157 2374
1456 5913531 6009
1457 5919540 4945
1458 5924485 1619
1459 5926104 13666
1460 5939770 5363
1461 5945133 967
1462 5946100 14496
1463 5960596 1845
1464 5962441 1596
1465 5964037 1086
1466 5965123 1508
1467 5966631 1755
1468 5968386 6069
1469 5974455 2979
1470 5977434 3069
1471 5980503 2377
1472 5982880 1945
1473 5984825 2841
1474 5987666 5394
1475 5993060 15383
1476 6008443 7230
1477 6015673 3346
1478 6019019 3225
1479 6022244 2531
1480 6024775 2951
1481 6027726 1333
1482 6029059 2288
1483 6031347 5264
1484 6036611 1602
1485 6038213 1287
1486 6039500 1695
1487 6041195 1981
1488 6043176 2055
1489 6045231 2594
1490 6047825 2019
1491 6049844 1486
1492 6051330 1480
1493 6052810 1385
1494 6054195 2481
1495 6056676 5125
1496 6061801 7818
1497 6069619 5312
1498 6074931 11001
1499 6085932 1826
1500 6087758 7261
1501 6095019 3682
1502 6098701 7920
1503 6106621 472
1504 6107093 5207
1505 6112300 2488
1506 6114788 3075
1507 6117863 3873
1508 6121736 743
1509 6122479 865
1510 6123344 5666
1511 6129010 1476
1512 6130486 2132
1513 6132618 2612
1514 6135230 3660
1515 6138890 3264
1516 6142154 2080
1517 6144234 4820
1518 6149054 10136
1519 6159190 581
1520 6159771 3158
1521 6162929 3447
1522 6166376 5308
1523 6171684 3757
1524 6175441 6242
1525 6181683 9850
1526 6191533 2069
1527 6193602 1625
1528 6195227 3117
1529 6198344 5574
1530 6203918 3662
1531 6207580 1976
1532 6209556 4388
1533 6213944 1358
1534 6215302 9447
1535 6224749 4570
1536 6229319 2575
1537 6231894 3569
1538 6235463 1797
1539 6237260 1477
1540 6238737 1499
1541 6240236 4710
1542 6244946 2885
1543 6247831 8553
1544 6256384 7769
1545 6264153 5300
1546 6269453 3035
1547 6272488 7118
1548 6279606 1188
1549 6280794 2795
1550 6283589 2582
1551 6286171 1942
1552 6288113 2311
1553 6290424 518
1554 6290942 5875
1555 6296817 511
1556 6297328 2067
1557 6299395 6619
1558 6306014 5874
1559 6311888 2512
1560 6314400 3066
1561 6317466 8933
1562 6326399 3608
1563 6330007 3885
1564 6333892 3032
1565 6336924 8948
1566 6345872 4032
1567 6349904 3385
1568 6353289 3630
1569 6356919 1459
1570 6358378 4474
1571 6362852 1014
1572 6363866 1768
1573 6365634 5588
1574 6371222 2087
1575 6373309 1788
1576 6375097 15846
1577 6390943 5925
1578 6396868 2246
1579 6399114 2610
1580 6401724 5395
1581 6407119 3914
1582 6411033 13763
1583 6424796 3818
1584 6428614 1841
1585 6430455 3631
1586 6434086 6586
1587 6440672 2953
1588 6443625 557
1589 6444182 4680
1590 6448862 4548
1591 6453410 2702
1592 6456112 4735
1593 6460847 2150
1594 6462997 732
1595 6463729 655
1596 6464384 646
1597 6465030 669
1598 6465699 650
1599 6466349 689
1600 6467038 667
1601 6467705 678
1602 6468383 624
1603 6469007 619
1604 6469626 642
1605 6470268 627
1606 6470895 705
1607 6471600 673
1608 6472273 651
1609 6472924 619
1610 6473543 662
1611 6474205 615
1612 6474820 647
1613 6475467 632
1614 6476099 620
1615 6476719 640
1616 6477359 633
1617 6477992 643
1618 6478635 637
1619 6479272 655
1620 6479927 689
1621 6480616 639
1622 6481255 672
1623 6481927 652
1624 6482579 648
1625 6483227 667
1626 6483894 649
1627 6484543 655
1628 6485198 687
1629 6485885 642
1630 6486527 675
1631 6487202 684
1632 6487886 661
1633 6488547 685
1634 6489232 646
1635 6489878 662
1636 6490540 694
1637 6491234 674
1638 6491908 650
1639 6492558 625
1640 6493183 658
1641 6493841 638
1642 6494479 648
1643 6495127 625
1644 6495752 652
1645 6496404 640
1646 6497044 638
1647 6497682 640
1648 6498322 634
1649 6498956 646
1650 6499602 688
1651 6500290 644
1652 6500934 674
1653 6501608 654
1654 6502262 619
1655 6502881 657
1656 6503538 650
1657 6504188 670
1658 6504858 652
1659 6505510 689
1660 6506199 624
1661 6506823 643
1662 6507466 675
1663 6508141 650
1664 6508791 657
1665 6509448 649
1666 6510097 652
1667 6510749 670
1668 6511419 689
1669 6512108 643
1670 6512751 673
1671 6513424 638
1672 6514062 701
1673 6514763 655
1674 6515418 630
1675 6516048 659
1676 6516707 642
1677 6517349 653
1678 6518002 641
1679 6518643 628
1680 6519271 641
1681 6519912 636
1682 6520548 653
1683 6521201 637
1684 6521838 691
1685 6522529 664
1686 6523193 645
1687 6523838 674
1688 6524512 642
1689 6525154 645
1690 6525799 650
1691 6526449 650
1692 6527099 648
1693 6527747 670
1694 6528417 651
1695 6529068 688
1696 6529756 644
1697 6530400 675
1698 6531075 683
1699 6531758 650
1700 6532408 626
1701 6533034 652
1702 6533686 650
1703 6534336 669
1704 6535005 657
1705 6535662 689
1706 6536351 644
1707 6536995 648
1708 6537643 642
1709 6538285 699
1710 6538984 674
1711 6539658 641
1712 6540299 653
1713 6540952 653
1714 6541605 628
1715 6542233 645
1716 6542878 640
1717 6543518 644
1718 6544162 632
1719 6544794 647
1720 6545441 641
1721 6546082 645
1722 6546727 643
1723 6547370 660
1724 6548030 689
1725 6548719 614
1726 6549333 672
1727 6550005 644
1728 6550649 674
1729 6551323 650
1730 6551973 685
1731 6552658 671
1732 6553329 654
1733 6553983 649
1734 6554632 686
1735 6555318 644
1736 6555962 700
1737 6556662 624
1738 6557286 633
1739 6557919 672
1740 6558591 653
1741 6559244 652
1742 6559896 660
1743 6560556 689
1744 6561245 651
1745 6561896 669
1746 6562565 681
1747 6563246 648
1748 6563894 658
1749 6564552 645
1750 6565197 696
1751 6565893 700
1752 6566593 648
1753 6567241 674
1754 6567915 645
1755 6568560 634
1756 6569194 638
1757 6569832 642
1758 6570474 639
1759 6571113 671
1760 6571784 651
1761 6572435 628
1762 6573063 630
1763 6573693 630
1764 6574323 642
1765 6574965 641
1766 6575606 670
1767 6576276 660
1768 6576936 681
1769 6577617 643
1770 6578260 684
1771 6578944 673
1772 6579617 647
1773 6580264 672
1774 6580936 664
1775 6581600 676
1776 6582276 660
1777 6582936 659
1778 6583595 684
1779 6584279 640
1780 6584919 200
1781 6585119 183
1782 6585302 673
1783 6585975 656
1784 6586631 684
1785 6587315 692
1786 6588007 645
1787 6588652 650
1788 6589302 673
1789 6589975 637
1790 6590612 643
1791 6591255 638
1792 6591893 637
1793 6592530 679
1794 6593209 636
1795 6593845 650
1796 6594495 636
1797 6595131 619
1798 6595750 638
1799 6596388 642
1800 6597030 627
1801 6597657 640
1802 6598297 637
1803 6598934 655
1804 6599589 635
1805 6600224 644
1806 6600868 680
1807 6601548 685
1808 6602233 700
1809 6602933 674
1810 6603607 640
1811 6604247 650
1812 6604897 671
1813 6605568 634
1814 6606202 673
1815 6606875 630
1816 6607505 646
1817 6608151 658
1818 6608809 643
1819 6609452 656
1820 6610108 680
1821 6610788 640
1822 6611428 633
1823 6612061 673
1824 6612734 643
1825 6613377 658
1826 6614035 635
1827 6614670 680
1828 6615350 644
1829 6615994 661
1830 6616655 646
1831 6617301 656
1832 6617957 694
1833 6618651 689
1834 6619340 700
1835 6620040 642
1836 6620682 714
1837 6621396 671
1838 6622067 640
1839 6622707 645
1840 6623352 634
1841 6623986 665
1842 6624651 624
1843 6625275 630
1844 6625905 653
1845 6626558 633
1846 6627191 651
1847 6627842 638
1848 6628480 665
1849 6629145 629
1850 6629774 679
1851 6630453 663
1852 6631116 642
1853 6631758 672
1854 6632430 638
1855 6633068 644
1856 6633712 679
1857 6634391 666
1858 6635057 644
1859 6635701 645
1860 6636346 657
1861 6637003 641
1862 6637644 672
1863 6638316 676
1864 6638992 638
1865 6639630 630
1866 6640260 682
1867 6640942 649
1868 6641591 642
1869 6642233 667
1870 6642900 657
1871 6643557 635
1872 6644192 673
1873 6644865 712
1874 6645577 672
1875 6646249 644
1876 6646893 691
1877 6647584 690
1878 6648274 683
1879 6648957 699
1880 6649656 702
1881 6650358 676
1882 6651034 671
1883 6651705 672
1884 6652377 689
1885 6653066 674
1886 6653740 659
1887 6654399 682
1888 6655081 624
1889 6655705 635
1890 6656340 672
1891 6657012 645
1892 6657657 682
1893 6658339 645
1894 6658984 667
1895 6659651 646
1896 6660297 654
1897 6660951 633
1898 6661584 674
1899 6662258 659
1900 6662917 619
1901 6663536 683
1902 6664219 649
1903 6664868 648
1904 6665516 672
1905 6666188 654
1906 6666842 685
1907 6667527 636
1908 6668163 721
1909 6668884 720
1910 6669604 711
1911 6670315 672
1912 6670987 656
1913 6671643 623
1914 6672266 632
1915 6672898 636
1916 6673534 643
1917 6674177 617
1918 6674794 663
1919 6675457 611
1920 6676068 621
1921 6676689 645
1922 6677334 624
1923 6677958 660
1924 6678618 684
1925 6679302 635
1926 6679937 672
1927 6680609 196
1928 6680805 658
1929 6681463 676
1930 6682139 682
1931 6682821 665
1932 6683486 648
1933 6684134 672
1934 6684806 649
1935 6685455 659
1936 6686114 635
1937 6686749 663
1938 6687412 674
1939 6688086 683
1940 6688769 635
1941 6689404 670
1942 6690074 672
1943 6690746 637
1944 6691383 702
1945 6692085 668
1946 6692753 624
1947 6693377 649
1948 6694026 638
1949 6694664 636
1950 6695300 633
1951 6695933 611
1952 6696544 634
1953 6697178 628
1954 6697806 634
1955 6698440 637
1956 6699077 632
1957 6699709 643
1958 6700352 681
1959 6701033 645
1960 6701678 670
1961 6702348 625
1962 6702973 653
1963 6703626 639
1964 6704265 703
1965 6704968 681
1966 6705649 674
1967 6706323 680
1968 6707003 645
1969 6707648 647
1970 6708295 639
1971 6708934 662
1972 6709596 633
1973 6710229 647
1974 6710876 645
1975 6711521 673
1976 6712194 642
1977 6712836 665
1978 6713501 683
1979 6714184 680
1980 6714864 658
1981 6715522 650
1982 6716172 660
1983 6716832 645
1984 6717477 673
1985 6718150 647
1986 6718797 655
1987 6719452 640
1988 6720092 632
1989 6720724 627
1990 6721351 636
1991 6721987 620
1992 6722607 636
1993 6723243 653
1994 6723896 636
1995 6724532 632
1996 6725164 681
1997 6725845 664
1998 6726509 644
1999 6727153 680
2000 6727833 672
2001 6728505 646
2002 6729151 682
2003 6729833 649
2004 6730482 650
2005 6731132 677
2006 6731809 663
2007 6732472 644
2008 6733116 672
2009 6733788 669
2010 6734457 645
2011 6735102 708
2012 6735810 659
2013 6736469 671
2014 6737140 626
2015 6737766 631
2016 6738397 623
2017 6739020 683
2018 6739703 677
2019 6740380 652
2020 6741032 652
2021 6741684 662
2022 6742346 644
2023 6742990 673
2024 6743663 650
2025 6744313 633
2026 6744946 639
2027 6745585 634
2028 6746219 626
2029 6746845 640
2030 6747485 629
2031 6748114 649
2032 6748763 614
2033 6749377 627
2034 6750004 642
2035 6750646 638
2036 6751284 683
2037 6751967 664
2038 6752631 668
2039 6753299 637
2040 6753936 651
2041 6754587 673
2042 6755260 630
2043 6755890 644
2044 6756534 645
2045 6757179 623
2046 6757802 627
2047 6758429 683
2048 6759112 646
2049 6759758 677
2050 6760435 644
2051 6761079 659
2052 6761738 637
2053 6762375 617
2054 6762992 673
2055 6763665 644
2056 6764309 683
2057 6764992 673
2058 6765665 645
2059 6766310 676
2060 6766986 645
2061 6767631 653
2062 6768284 637
2063 6768921 673
2064 6769594 625
2065 6770219 633
2066 6770852 652
2067 6771504 655
2068 6772159 628
2069 6772787 626
2070 6773413 677
2071 6774090 654
2072 6774744 627
2073 6775371 625
2074 6775996 683
2075 6776679 617
2076 6777296 659
2077 6777955 696
2078 6778651 655
2079 6779306 623
2080 6779929 630
2081 6780559 625
2082 6781184 635
2083 6781819 613
2084 6782432 637
2085 6783069 620
2086 6783689 619
2087 6784308 646
2088 6784954 628
2089 6785582 672
2090 6786254 644
2091 6786898 682
2092 6787580 611
2093 6788191 654
2094 6788845 640
2095 6789485 2684
2096 6792169 716
2097 6792885 5941
2098 6798826 3317
2099 6802143 8934
2100 6811077 4006
2101 6815083 2032
2102 6817115 3413
2103 6820528 7579
2104 6828107 2623
2105 6830730 2720
2106 6833450 9651
2107 6843101 19328
2108 6862429 3099
2109 6865528 2736
2110 6868264 5359
2111 6873623 2244
2112 6875867 4250
2113 6880117 6579
2114 6886696 953
2115 6887649 4872
2116 6892521 8271
2117 6900792 5338
2118 6906130 6669
2119 6912799 913
2120 6913712 3778
2121 6917490 2942
2122 6920432 3577
2123 6924009 2533
2124 6926542 3693
2125 6930235 4679
2126 6934914 9623
2127 6944537 9630
2128 6954167 11522
2129 6965689 2146
2130 6967835 4789
2131 6972624 3011
2132 6975635 1641
2133 6977276 5779
2134 6983055 2024
2135 6985079 1916
2136 6986995 8385
2137 6995380 8788
2138 7004168 2751
2139 7006919 4486
2140 7011405 3141
2141 7014546 1937
2142 7016483 10642
2143 7027125 6275
2144 7033400 4876
2145 7038276 5299
2146 7043575 1313
2147 7044888 1849
2148 7046737 3598
2149 7050335 189
2150 7050524 3697
2151 7054221 2526
2152 7056747 7681
2153 7064428 6998
2154 7071426 6481
2155 7077907 8795
2156 7086702 3146
2157 7089848 2806
2158 7092654 1839
2159 7094493 7056
2160 7101549 3407
2161 7104956 2646
2162 7107602 1158
2163 7108760 11632
2164 7120392 10836
2165 7131228 9897
2166 7141125 6932
2167 7148057 8932
2168 7156989 2288
2169 7159277 515
2170 7159792 2770
2171 7162562 618
2172 7163180 6368
2173 7169548 4295
2174 7173843 2317
2175 7176160 9188
2176 7185348 6516
2177 7191864 1557
2178 7193421 7409
2179 7200830 2728
2180 7203558 7679
2181 7211237 4470
2182 7215707 2935
2183 7218642 6305
2184 7224947 9249
2185 7234196 2969
2186 7237165 4381
2187 7241546 3893
2188 7245439 1711
2189 7247150 6513
2190 7253663 5470
2191 7259133 5229
2192 7264362 8025
2193 7272387 1833
2194 7274220 2815
2195 7277035 3750
2196 7280785 2418
2197 7283203 2043
2198 7285246 2513
2199 7287759 3439
2200 7291198 2465
2201 7293663 2520
2202 7296183 20269
2203 7316452 8400
2204 7324852 4373
2205 7329225 4477
2206 7333702 4146
2207 7337848 1536
2208 7339384 4488
2209 7343872 1366
2210 7345238 1184
2211 7346422 1482
2212 7347904 7430
2213 7355334 2182
2214 7357516 18029
2215 7375545 8882
2216 7384427 5679
2217 7390106 4027
2218 7394133 3564
2219 7397697 2056
2220 7399753 16376
2221 7416129 4463
2222 7420592 1156
2223 7421748 1930
2224 7423678 1356
2225 7425034 8179
2226 7433213 5175
2227 7438388 6847
2228 7445235 1932
2229 7447167 8208
2230 7455375 7565
2231 7462940 8509
2232 7471449 4981
2233 7476430 6748
2234 7483178 15095
2235 7498273 7545
2236 7505818 5085
2237 7510903 1373
2238 7512276 1574
2239 7513850 2156
2240 7516006 1350
2241 7517356 821
2242 7518177 6375
2243 7524552 2136
2244 7526688 8301
2245 7534989 4227
2246 7539216 1880
2247 7541096 5241
2248 7546337 5473
2249 7551810 9120
2250 7560930 4696
2251 7565626 9529
2252 7575155 3776
2253 7578931 1077
2254 7580008 1429
2255 7581437 1362
2256 7582799 9083
2257 7591882 300
2258 7592182 1732
2259 7593914 772
2260 7594686 1459
2261 7596145 12557
2262 7608702 8037
2263 7616739 4082
2264 7620821 5004
2265 7625825 4467
2266 7630292 8944
2267 7639236 2221
2268 7641457 5368
2269 7646825 2929
2270 7649754 3114
2271 7652868 1685
2272 7654553 8095
2273 7662648 3693
2274 7666341 14175
2275 7680516 3286
2276 7683802 3880
2277 7687682 4316
2278 7691998 11596
2279 7703594 933
2280 7704527 8007
2281 7712534 6269
2282 7718803 785
2283 7719588 5685
2284 7725273 15703
2285 7740976 919
2286 7741895 6068
2287 7747963 680
2288 7748643 5264
2289 7753907 8065
2290 7761972 1444
2291 7763416 4366
2292 7767782 704
2293 7768486 8916
2294 7777402 1363
2295 7778765 749
2296 7779514 3216
2297 7782730 754
2298 7783484 6203
2299 7789687 6345
2300 7796032 5723
2301 7801755 10734
2302 7812489 3779
2303 7816268 1570
2304 7817838 2135
2305 7819973 9570
2306 7829543 4298
2307 7833841 6371
2308 7840212 3034
2309 7843246 6084
2310 7849330 6065
2311 7855395 1680
2312 7857075 6459
2313 7863534 3262
2314 7866796 6696
2315 7873492 9020
2316 7882512 1411
2317 7883923 2896
2318 7886819 1761
2319 7888580 3337
2320 7891917 6003
2321 7897920 6783
2322 7904703 6289
2323 7910992 6411
2324 7917403 9686
2325 7927089 9727
2326 7936816 1167
2327 7937983 700
2328 7938683 1133
2329 7939816 3783
2330 7943599 655
2331 7944254 5513
2332 7949767 1378
2333 7951145 2767
2334 7953912 2304
2335 7956216 5514
2336 7961730 12204
2337 7973934 2583
2338 7976517 26072
2339 8002589 3697
2340 8006286 4022
2341 8010308 12417
2342 8022725 4389
2343 8027114 3878
2344 8030992 14638
2345 8045630 12260
2346 8057890 3662
2347 8061552 1623
2348 8063175 9089
2349 8072264 1790
2350 8074054 699
2351 8074753 3218
2352 8077971 2844
2353 8080815 5807
2354 8086622 9605
2355 8096227 4030
2356 8100257 1121
2357 8101378 1772
2358 8103150 5487
2359 8108637 4584
2360 8113221 4530
2361 8117751 4381
2362 8122132 1846
2363 8123978 4357
2364 8128335 3662
2365 8131997 6151
2366 8138148 4178
2367 8142326 1093
2368 8143419 722
2369 8144141 8832
2370 8152973 3941
2371 8156914 6994
2372 8163908 1499
2373 8165407 2465
2374 8167872 1075
2375 8168947 1013
2376 8169960 1004
2377 8170964 5314
2378 8176278 10986
2379 8187264 735
2380 8187999 653
2381 8188652 4005
2382 8192657 10077
2383 8202734 1296
2384 8204030 3097
2385 8207127 839
2386 8207966 670
2387 8208636 614
2388 8209250 975
2389 8210225 713
2390 8210938 1740
2391 8212678 12286
2392 8224964 4314
2393 8229278 11179
2394 8240457 3598
2395 8244055 1469
2396 8245524 3254
2397 8248778 1193
2398 8249971 1769
2399 8251740 4546
2400 8256286 1072
2401 8257358 4213
2402 8261571 1816
2403 8263387 2138
2404 8265525 202
2405 8265727 4948
2406 8270675 2622
2407 8273297 2592
2408 8275889 352
2409 8276241 1518
2410 8277759 1491
2411 8279250 2180
2412 8281430 1484
2413 8282914 1072
2414 8283986 2658
2415 8286644 1006
2416 8287650 320
2417 8287970 4568
2418 8292538 1275
2419 8293813 884
2420 8294697 3909
2421 8298606 1331
2422 8299937 3119
2423 8303056 2614
2424 8305670 527
2425 8306197 1280
2426 8307477 1229
2427 8308706 2489
2428 8311195 1188
2429 8312383 8140
2430 8320523 581
2431 8321104 1326
2432 8322430 7406
2433 8329836 3859
2434 8333695 3706
2435 8337401 3458
2436 8340859 7000
2437 8347859 4913
2438 8352772 1651
2439 8354423 1585
2440 8356008 2028
2441 8358036 1333
2442 8359369 497
2443 8359866 1346
2444 8361212 2288
2445 8363500 4483
2446 8367983 1529
2447 8369512 11549
2448 8381061 2044
2449 8383105 807
2450 8383912 909
2451 8384821 1050
2452 8385871 1815
2453 8387686 706
2454 8388392 11562
2455 8399954 1773
2456 8401727 2955
2457 8404682 3736
2458 8408418 940
2459 8409358 2200
2460 8411558 1219
2461 8412777 4753
2462 8417530 301
2463 8417831 7046
2464 8424877 1033
2465 8425910 1772
2466 8427682 2557
2467 8430239 1475
2468 8431714 1236
2469 8432950 6670
2470 8439620 3530
2471 8443150 997
2472 8444147 3525
2473 8447672 1643
2474 8449315 2986
2475 8452301 1310
2476 8453611 499
2477 8454110 766
2478 8454876 4827
2479 8459703 1224
2480 8460927 6437
2481 8467364 2682
2482 8470046 434
2483 8470480 4233
2484 8474713 511
2485 8475224 1477
2486 8476701 2116
2487 8478817 2786
2488 8481603 3166
2489 8484769 1366
2490 8486135 1524
2491 8487659 1126
2492 8488785 1441
2493 8490226 2340
2494 8492566 581
2495 8493147 3745
2496 8496892 1640
2497 8498532 2690
2498 8501222 2671
2499 8503893 503
2500 8504396 4139
2501 8508535 6061
2502 8514596 1727
2503 8516323 3582
2504 8519905 2444
2505 8522349 6012
2506 8528361 5769
2507 8534130 7755
2508 8541885 4928
2509 8546813 896
2510 8547709 1262
2511 8548971 2022
2512 8550993 4054
2513 8555047 3483
2514 8558530 595
2515 8559125 4048
2516 8563173 2899
2517 8566072 2842
2518 8568914 3494
2519 8572408 5601
2520 8578009 4636
2521 8582645 5083
2522 8587728 2696
2523 8590424 9157
2524 8599581 9395
2525 8608976 5537
2526 8614513 2012
2527 8616525 7344
2528 8623869 1983
2529 8625852 3477
2530 8629329 3723
2531 8633052 2597
2532 8635649 8355
2533 8644004 1297
2534 8645301 1873
2535 8647174 3077
2536 8650251 4549
2537 8654800 2014
2538 8656814 1190
2539 8658004 1210
2540 8659214 5278
2541 8664492 2772
2542 8667264 4005
2543 8671269 1127
2544 8672396 2013
2545 8674409 2135
2546 8676544 1328
2547 8677872 2883
2548 8680755 1575
2549 8682330 7310
2550 8689640 5287
2551 8694927 728
2552 8695655 523
2553 8696178 852
2554 8697030 663
2555 8697693 524
2556 8698217 562
2557 8698779 1332
2558 8700111 3515
2559 8703626 3730
2560 8707356 503
2561 8707859 2076
2562 8709935 1329
2563 8711264 3387
2564 8714651 6241
2565 8720892 3259
2566 8724151 5315
2567 8729466 3001
2568 8732467 3802
2569 8736269 3281
2570 8739550 3030
2571 8742580 2092
2572 8744672 1926
2573 8746598 3189
2574 8749787 3768
2575 8753555 202
2576 8753757 1933
2577 8755690 2162
2578 8757852 3799
2579 8761651 3790
2580 8765441 3613
2581 8769054 11143
2582 8780197 10065
2583 8790262 2042
2584 8792304 3815
2585 8796119 3439
2586 8799558 4209
2587 8803767 1508
2588 8805275 1449
2589 8806724 2344
2590 8809068 1941
2591 8811009 3093
2592 8814102 2752
2593 8816854 1910
2594 8818764 2379
2595 8821143 5658
2596 8826801 2542
2597 8829343 8572
2598 8837915 7395
2599 8845310 2409
2600 8847719 1453
2601 8849172 1633
2602 8850805 2666
2603 8853471 2574
2604 8856045 2245
2605 8858290 3056
2606 8861346 2062
2607 8863408 2980
2608 8866388 6948
2609 8873336 6354
2610 8879690 6886
2611 8886576 6765
2612 8893341 3937
2613 8897278 8118
2614 8905396 7779
2615 8913175 3109
2616 8916284 1792
2617 8918076 2976
2618 8921052 1608
2619 8922660 3018
2620 8925678 3429
2621 8929107 1853
2622 8930960 1520
2623 8932480 4764
2624 8937244 1737
2625 8938981 1511
2626 8940492 2457
2627 8942949 3608
2628 8946557 2056
2629 8948613 1451
2630 8950064 2804
2631 8952868 7810
2632 8960678 3325
2633 8964003 3618
2634 8967621 8867
2635 8976488 3726
2636 8980214 2817
2637 8983031 2194
2638 8985225 3560
2639 8988785 3487
2640 8992272 2063
2641 8994335 1592
2642 8995927 1786
2643 8997713 6352
2644 9004065 3191
2645 9007256 2227
2646 9009483 1852
2647 9011335 3414
2648 9014749 5496
2649 9020245 1997
2650 9022242 4142
2651 9026384 2706
2652 9029090 3749
2653 9032839 1738
2654 9034577 1529
2655 9036106 1538
2656 9037644 1610
2657 9039254 3640
2658 9042894 2725
2659 9045619 3952
2660 9049571 2371
2661 9051942 2385
2662 9054327 2579
2663 9056906 2362
2664 9059268 2524
2665 9061792 23243
2666 9085035 3204
2667 9088239 3606
2668 9091845 6308
2669 9098153 3077
2670 9101230 3285
2671 9104515 3398
2672 9107913 5225
2673 9113138 1600
2674 9114738 2577
2675 9117315 3407
2676 9120722 2438
2677 9123160 1066
2678 9124226 2349
2679 9126575 5069
2680 9131644 4213
2681 9135857 3004
2682 9138861 3763
2683 9142624 2625
2684 9145249 5406
2685 9150655 2513
2686 9153168 3775
2687 9156943 1085
2688 9158028 5300
2689 9163328 1428
2690 9164756 1200
2691 9165956 2030
2692 9167986 7429
2693 9175415 3315
2694 9178730 2523
2695 9181253 2807
2696 9184060 2696
2697 9186756 1240
2698 9187996 1096
2699 9189092 851
2700 9189943 971
2701 9190914 986
2702 9191900 2350
2703 9194250 1734
2704 9195984 1143
2705 9197127 893
2706 9198020 1124
2707 9199144 1348
2708 9200492 989
2709 9201481 1940
2710 9203421 2616
2711 9206037 1266
2712 9207303 2733
2713 9210036 2809
2714 9212845 2990
2715 9215835 1053
2716 9216888 3618
2717 9220506 2536
2718 9223042 4287
2719 9227329 3323
2720 9230652 5874
2721 9236526 3292
2722 9239818 913
2723 9240731 2320
2724 9243051 4620
2725 9247671 2305
2726 9249976 787
2727 9250763 5798
2728 9256561 1227
2729 9257788 6008
2730 9263796 867
2731 9264663 1611
2732 9266274 866
2733 9267140 3267
2734 9270407 6410
2735 9276817 819
2736 9277636 3413
2737 9281049 4030
2738 9285079 1240
2739 9286319 1074
2740 9287393 1795
2741 9289188 1528
2742 9290716 2490
2743 9293206 2489
2744 9295695 1741
2745 9297436 1372
2746 9298808 2903
2747 9301711 2430
2748 9304141 1561
2749 9305702 1854
2750 9307556 1074
2751 9308630 944
2752 9309574 3357
2753 9312931 1951
2754 9314882 1922
2755 9316804 2217
2756 9319021 1947
2757 9320968 3117
2758 9324085 1787
2759 9325872 3190
2760 9329062 3794
2761 9332856 510
2762 9333366 1098
2763 9334464 803
2764 9335267 2561
2765 9337828 1050
2766 9338878 2273
2767 9341151 1855
2768 9343006 1417
2769 9344423 717
2770 9345140 1670
2771 9346810 2531
2772 9349341 1559
2773 9350900 2279
2774 9353179 2382
2775 9355561 2242
2776 9357803 1060
2777 9358863 2513
2778 9361376 1419
2779 9362795 4179
2780 9366974 2102
2781 9369076 1783
2782 9370859 2242
2783 9373101 4206
2784 9377307 530
2785 9377837 823
2786 9378660 2557
2787 9381217 4232
2788 9385449 3551
2789 9389000 897
2790 9389897 4073
2791 9393970 3507
2792 9397477 1214
2793 9398691 2388
2794 9401079 2647
2795 9403726 6349
2796 9410075 3577
2797 9413652 6854
2798 9420506 10176
2799 9430682 2172
2800 9432854 3669
2801 9436523 2330
2802 9438853 3702
2803 9442555 2941
2804 9445496 3768
2805 9449264 1616
2806 9450880 10133
2807 9461013 2138
2808 9463151 4981
2809 9468132 2414
2810 9470546 1508
2811 9472054 7952
2812 9480006 6789
2813 9486795 4447
2814 9491242 9612
2815 9500854 6407
2816 9507261 5732
2817 9512993 2872
2818 9515865 5677
2819 9521542 10445
2820 9531987 4310
2821 9536297 6160
2822 9542457 4634
2823 9547091 2271
2824 9549362 3426
2825 9552788 8901
2826 9561689 1802
2827 9563491 5737
2828 9569228 4044
2829 9573272 4049
2830 9577321 2607
2831 9579928 363
2832 9580291 1852
2833 9582143 7399
2834 9589542 4445
2835 9593987 2425
2836 9596412 1739
2837 9598151 3083
2838 9601234 3522
2839 9604756 2788
2840 9607544 5235
2841 9612779 1172
2842 9613951 1158
2843 9615109 3110
2844 9618219 7617
2845 9625836 7650
2846 9633486 1185
2847 9634671 6032
2848 9640703 1688
2849 9642391 2325
2850 9644716 4834
2851 9649550 1719
2852 9651269 3353
2853 9654622 1923
2854 9656545 1167
2855 9657712 2637
2856 9660349 666
2857 9661015 2796
2858 9663811 5206
2859 9669017 182
2860 9669199 1652
2861 9670851 2830
2862 9673681 4158
2863 9677839 1247
2864 9679086 1107
2865 9680193 1614
2866 9681807 1178
2867 9682985 1658
2868 9684643 820
2869 9685463 861
2870 9686324 3823
2871 9690147 826
2872 9690973 3110
2873 9694083 7841
2874 9701924 2543
2875 9704467 1502
2876 9705969 3157
2877 9709126 1154
2878 9710280 2695
2879 9712975 2347
2880 9715322 1342
2881 9716664 1025
2882 9717689 3668
2883 9721357 3068
2884 9724425 1460
2885 9725885 8349
2886 9734234 1459
2887 9735693 2052
2888 9737745 952
2889 9738697 1662
2890 9740359 1621
2891 9741980 910
2892 9742890 2423
2893 9745313 9642
2894 9754955 3955
2895 9758910 1024
2896 9759934 1080
2897 9761014 6684
2898 9767698 2155
2899 9769853 1926
2900 9771779 6684
2901 9778463 6201
2902 9784664 3622
2903 9788286 625
2904 9788911 1831
2905 9790742 3075
2906 9793817 1252
2907 9795069 2295
2908 9797364 1107
2909 9798471 3474
2910 9801945 4106
2911 9806051 4322
2912 9810373 6282
2913 9816655 3749
2914 9820404 706
2915 9821110 4271
2916 9825381 4075
2917 9829456 531
2918 9829987 993
2919 9830980 1578
2920 9832558 3649
2921 9836207 3583
2922 9839790 4798
2923 9844588 2692
2924 9847280 2073
2925 9849353 3125
2926 9852478 796
2927 9853274 7176
2928 9860450 941
2929 9861391 3142
2930 9864533 2379
2931 9866912 2668
2932 9869580 3400
2933 9872980 2544
2934 9875524 4065
2935 9879589 2036
2936 9881625 1856
2937 9883481 4430
2938 9887911 1417
2939 9889328 4419
2940 9893747 3876
2941 9897623 5675
2942 9903298 6659
2943 9909957 4525
2944 9914482 1795
2945 9916277 1264
2946 9917541 2843
2947 9920384 6438
2948 9926822 2533
2949 9929355 3442
2950 9932797 2707
2951 9935504 2271
2952 9937775 10494
2953 9948269 758
2954 9949027 9110
2955 9958137 6808
2956 9964945 2199
2957 9967144 2515
2958 9969659 2385
2959 9972044 2364
2960 9974408 1341
2961 9975749 1130
2962 9976879 2940
2963 9979819 10166
2964 9989985 1271
2965 9991256 3963
2966 9995219 1119
2967 9996338 451
2968 9996789 10790
2969 10007579 1830
2970 10009409 3358
2971 10012767 3337
2972 10016104 3577
2973 10019681 9687
2974 10029368 2179
2975 10031547 1106
2976 10032653 775
2977 10033428 1049
2978 10034477 1827
2979 10036304 8516
2980 10044820 3450
2981 10048270 6340
2982 10054610 4809
2983 10059419 5605
2984 10065024 1701
2985 10066725 5355
2986 10072080 1686
2987 10073766 1705
2988 10075471 6797
2989 10082268 2779
2990 10085047 1491
2991 10086538 2061
2992 10088599 2575
2993 10091174 2572
2994 10093746 3775
2995 10097521 1960
2996 10099481 3125
2997 10102606 2442
2998 10105048 7778
2999 10112826 2655
3000 10115481 2006
3001 10117487 6209
3002 10123696 4237
3003 10127933 4357
3004 10132290 3826
3005 10136116 6879
3006 10142995 3596
3007 10146591 3276
3008 10149867 4616
3009 10154483 5258
3010 10159741 4435
3011 10164176 3411
3012 10167587 4113
3013 10171700 1131
3014 10172831 7939
3015 10180770 4563
3016 10185333 4381
3017 10189714 4366
3018 10194080 4078
3019 10198158 5556
3020 10203714 7790
3021 10211504 2338
3022 10213842 2119
3023 10215961 2942
3024 10218903 2936
3025 10221839 4606
3026 10226445 5421
3027 10231866 3160
3028 10235026 4080
3029 10239106 5452
3030 10244558 4674
3031 10249232 5110
3032 10254342 2482
3033 10256824 2720
3034 10259544 2960
3035 10262504 8254
3036 10270758 1220
3037 10271978 762
3038 10272740 195
3039 10272935 4140
3040 10277075 3336
3041 10280411 1536
3042 10281947 9941
3043 10291888 3060
3044 10294948 8747
3045 10303695 3955
3046 10307650 5237
3047 10312887 4924
3048 10317811 8576
3049 10326387 4789
3050 10331176 3912
3051 10335088 513
3052 10335601 4678
3053 10340279 4386
3054 10344665 3806
3055 10348471 5817
3056 10354288 7209
3057 10361497 6461
3058 10367958 2565
3059 10370523 3352
3060 10373875 959
3061 10374834 22903
3062 10397737 18573
3063 10416310 2575
3064 10418885 8469
3065 10427354 1638
3066 10428992 2386
3067 10431378 7128
3068 10438506 3331
3069 10441837 11006
3070 10452843 2867
3071 10455710 3503
3072 10459213 3214
3073 10462427 4828
3074 10467255 7257
3075 10474512 6895
3076 10481407 6184
3077 10487591 1066
3078 10488657 2777
3079 10491434 3438
3080 10494872 1038
3081 10495910 2429
3082 10498339 1545
3083 10499884 6336
3084 10506220 13617
3085 10519837 2089
3086 10521926 12945
3087 10534871 6462
3088 10541333 2870
3089 10544203 5024
3090 10549227 1955
3091 10551182 9037
3092 10560219 6556
3093 10566775 2472
3094 10569247 6438
3095 10575685 6701
3096 10582386 8207
3097 10590593 3703
3098 10594296 5008
3099 10599304 3488
3100 10602792 1876
3101 10604668 979
3102 10605647 1398
3103 10607045 1157
3104 10608202 2086
3105 10610288 1286
3106 10611574 1725
3107 10613299 1795
3108 10615094 2169
3109 10617263 1791
3110 10619054 7654
3111 10626708 18342
3112 10645050 3866
3113 10648916 4398
3114 10653314 3333
3115 10656647 3536
3116 10660183 10500
3117 10670683 4052
3118 10674735 1206
3119 10675941 881
3120 10676822 1493
3121 10678315 954
3122 10679269 1962
3123 10681231 4451
3124 10685682 1619
3125 10687301 6231
3126 10693532 7687
3127 10701219 1982
3128 10703201 3992
3129 10707193 2662
3130 10709855 4760
3131 10714615 8837
3132 10723452 4966
3133 10728418 7964
3134 10736382 4774
3135 10741156 10028
3136 10751184 2201
3137 10753385 1606
3138 10754991 2090
3139 10757081 1865
3140 10758946 2426
3141 10761372 2884
3142 10764256 2572
3143 10766828 13291
3144 10780119 2479
3145 10782598 2250
3146 10784848 2504
3147 10787352 3076
3148 10790428 1577
3149 10792005 10150
3150 10802155 9642
3151 10811797 4710
3152 10816507 6990
3153 10823497 3650
3154 10827147 3417
3155 10830564 2837
3156 10833401 5868
3157 10839269 3074
3158 10842343 5849
3159 10848192 4763
3160 10852955 13725
3161 10866680 3821
3162 10870501 2960
3163 10873461 1614
3164 10875075 8099
3165 10883174 5669
3166 10888843 12480
3167 10901323 3806
3168 10905129 2195
3169 10907324 5458
3170 10912782 5840
3171 10918622 7918
3172 10926540 10133
3173 10936673 3593
3174 10940266 3379
3175 10943645 2175
3176 10945820 375
3177 10946195 3774
3178 10949969 2021
3179 10951990 1474
3180 10953464 7369
3181 10960833 1011
3182 10961844 935
3183 10962779 1668
3184 10964447 3269
3185 10967716 1816
3186 10969532 4052
3187 10973584 2161
3188 10975745 4018
3189 10979763 1388
3190 10981151 4911
3191 10986062 2593
3192 10988655 1744
3193 10990399 1967
3194 10992366 1476
3195 10993842 2129
3196 10995971 991
3197 10996962 5428
3198 11002390 1960
3199 11004350 1490
3200 11005840 1845
3201 11007685 1159
3202 11008844 1166
3203 11010010 6947
3204 11016957 3745
3205 11020702 1011
3206 11021713 2461
3207 11024174 2220
3208 11026394 3211
3209 11029605 2576
3210 11032181 1085
3211 11033266 1735
3212 11035001 5098
3213 11040099 1239
3214 11041338 1639
3215 11042977 1720
3216 11044697 2399
3217 11047096 1667
3218 11048763 1571
3219 11050334 2628
3220 11052962 3211
3221 11056173 4653
3222 11060826 1773
3223 11062599 944
3224 11063543 1483
3225 11065026 2043
3226 11067069 1517
3227 11068586 1789
3228 11070375 1277
3229 11071652 1896
3230 11073548 1612
3231 11075160 849
3232 11076009 2707
3233 11078716 1864
3234 11080580 6144
3235 11086724 2718
3236 11089442 1393
3237 11090835 1195
3238 11092030 2677
3239 11094707 1446
3240 11096153 2306
3241 11098459 1457
3242 11099916 1329
3243 11101245 2181
3244 11103426 1510
3245 11104936 1705
3246 11106641 5209
3247 11111850 2577
3248 11114427 5599
3249 11120026 1665
3250 11121691 1287
3251 11122978 2960
3252 11125938 1592
3253 11127530 2780
3254 11130310 1284
3255 11131594 851
3256 11132445 1598
3257 11134043 3986
3258 11138029 3227
3259 11141256 2976
3260 11144232 3348
3261 11147580 2703
3262 11150283 1398
3263 11151681 1361
3264 11153042 875
3265 11153917 2156
3266 11156073 1618
3267 11157691 1081
3268 11158772 3315
3269 11162087 3192
3270 11165279 3769
3271 11169048 1745
3272 11170793 4863
3273 11175656 3855
3274 11179511 1758
3275 11181269 1776
3276 11183045 960
3277 11184005 1261
3278 11185266 976
3279 11186242 1153
3280 11187395 5077
3281 11192472 2272
3282 11194744 1846
3283 11196590 1120
3284 11197710 1283
3285 11198993 1229
3286 11200222 4174
3287 11204396 1497
3288 11205893 2680
3289 11208573 2132
3290 11210705 1090
3291 11211795 1825
3292 11213620 4990
3293 11218610 2329
3294 11220939 9648
3295 11230587 2015
3296 11232602 1849
3297 11234451 2641
3298 11237092 3183
3299 11240275 9534
3300 11249809 3458
3301 11253267 8374
3302 11261641 2133
3303 11263774 1722
3304 11265496 1061
3305 11266557 1474
3306 11268031 1051
3307 11269082 1364
3308 11270446 5356
3309 11275802 4988
3310 11280790 2147
3311 11282937 1734
3312 11284671 4012
3313 11288683 2315
3314 11290998 2252
3315 11293250 7666
3316 11300916 1311
3317 11302227 1470
3318 11303697 4275
3319 11307972 1259
3320 11309231 1227
3321 11310458 1404
3322 11311862 1681
3323 11313543 5179
3324 11318722 2518
3325 11321240 1368
3326 11322608 3177
3327 11325785 10924
3328 11336709 3824
3329 11340533 9571
3330 11350104 3780
3331 11353884 1561
3332 11355445 2108
3333 11357553 7027
3334 11364580 1859
3335 11366439 7357
3336 11373796 3381
3337 11377177 1914
3338 11379091 12882
3339 11391973 5246
3340 11397219 4671
3341 11401890 1370
3342 11403260 2468
3343 11405728 2315
3344 11408043 2147
3345 11410190 3600
3346 11413790 1374
3347 11415164 11039
3348 11426203 1163
3349 11427366 665
3350 11428031 4753
3351 11432784 2034
3352 11434818 1288
3353 11436106 895
3354 11437001 7406
3355 11444407 3109
3356 11447516 1888
3357 11449404 2871
3358 11452275 964
3359 11453239 1314
3360 11454553 1349
3361 11455902 521
3362 11456423 3965
3363 11460388 4614
3364 11465002 4951
3365 11469953 3238
3366 11473191 2204
3367 11475395 853
3368 11476248 779
3369 11477027 1238
3370 11478265 5678
3371 11483943 1584
3372 11485527 761
3373 11486288 1678
3374 11487966 12972
3375 11500938 547
3376 11501485 1835
3377 11503320 2465
3378 11505785 2316
3379 11508101 2681
3380 11510782 1643
3381 11512425 615
3382 11513040 2154
3383 11515194 2190
3384 11517384 2194
3385 11519578 2317
3386 11521895 2129
3387 11524024 475
3388 11524499 2422
3389 11526921 1227
3390 11528148 3095
3391 11531243 1553
3392 11532796 700
3393 11533496 1038
3394 11534534 1291
3395 11535825 5513
3396 11541338 1236
3397 11542574 1952
3398 11544526 2660
3399 11547186 2416
3400 11549602 1212
3401 11550814 1135
3402 11551949 6816
3403 11558765 3165
3404 11561930 2592
3405 11564522 5240
3406 11569762 1913
3407 11571675 2568
3408 11574243 4773
3409 11579016 4726
3410 11583742 4485
3411 11588227 3086
3412 11591313 7693
3413 11599006 5811
3414 11604817 3527
3415 11608344 3342
3416 11611686 2364
3417 11614050 3493
3418 11617543 2173
3419 11619716 2038
3420 11621754 9187
3421 11630941 5408
3422 11636349 7524
3423 11643873 5440
3424 11649313 4858
3425 11654171 8266
3426 11662437 11951
3427 11674388 6331
3428 11680719 1432
3429 11682151 1857
3430 11684008 975
3431 11684983 5299
3432 11690282 2952
3433 11693234 670
3434 11693904 4190
3435 11698094 815
3436 11698909 3148
3437 11702057 733
3438 11702790 920
3439 11703710 4228
3440 11707938 3670
3441 11711608 1275
3442 11712883 1807
3443 11714690 1148
3444 11715838 1636
3445 11717474 878
3446 11718352 2498
3447 11720850 4384
3448 11725234 4682
3449 11729916 1110
3450 11731026 2242
3451 11733268 956
3452 11734224 1972
3453 11736196 893
3454 11737089 1193
3455 11738282 1483
3456 11739765 554
3457 11740319 3965
3458 11744284 1448
3459 11745732 4811
3460 11750543 2482
3461 11753025 2066
3462 11755091 2488
3463 11757579 2239
3464 11759818 3484
3465 11763302 1672
3466 11764974 1122
3467 11766096 2606
3468 11768702 2025
3469 11770727 1895
3470 11772622 4290
3471 11776912 14596
3472 11791508 2122
3473 11793630 6585
3474 11800215 13728
3475 11813943 9059
3476 11823002 3703
3477 11826705 4604
3478 11831309 3637
3479 11834946 5669
3480 11840615 1688
3481 11842303 9093
3482 11851396 3984
3483 11855380 1889
3484 11857269 9761
3485 11867030 6484
3486 11873514 2450
3487 11875964 4526
3488 11880490 7548
3489 11888038 2083
3490 11890121 3702
3491 11893823 4310
3492 11898133 1083
3493 11899216 2211
3494 11901427 3126
3495 11904553 5159
3496 11909712 5550
3497 11915262 4684
3498 11919946 5521
3499 11925467 1863
3500 11927330 3867
3501 11931197 6065
3502 11937262 2448
3503 11939710 4420
3504 11944130 957
3505 11945087 774
3506 11945861 4158
3507 11950019 2655
3508 11952674 2944
3509 11955618 1238
3510 11956856 1931
3511 11958787 2304
3512 11961091 2722
3513 11963813 2290
3514 11966103 1277
3515 11967380 4685
3516 11972065 4566
3517 11976631 3563
3518 11980194 3116
3519 11983310 4090
3520 11987400 4489
3521 11991889 2759
3522 11994648 3807
3523 11998455 2294
3524 12000749 1725
3525 12002474 2283
3526 12004757 20484
3527 12025241 3296
3528 12028537 4068
3529 12032605 1903
3530 12034508 8718
3531 12043226 2662
3532 12045888 5301
3533 12051189 5333
3534 12056522 3673
3535 12060195 4154
3536 12064349 5916
3537 12070265 3013
3538 12073278 5446
3539 12078724 1722
3540 12080446 2605
3541 12083051 5016
3542 12088067 4773
3543 12092840 3296
3544 12096136 5404
3545 12101540 5475
3546 12107015 4262
3547 12111277 2522
3548 12113799 4396
3549 12118195 7384
3550 12125579 169
3551 12125748 4715
3552 12130463 154
3553 12130617 886
3554 12131503 777
3555 12132280 2218
3556 12134498 1763
3557 12136261 921
3558 12137182 1823
3559 12139005 12121
3560 12151126 4419
3561 12155545 1865
3562 12157410 6872
3563 12164282 9965
3564 12174247 1100
3565 12175347 9929
3566 12185276 3364
3567 12188640 1386
3568 12190026 3500
3569 12193526 5350
3570 12198876 4650
3571 12203526 5525
3572 12209051 3440
3573 12212491 1719
3574 12214210 765
3575 12214975 2563
3576 12217538 3924
3577 12221462 3512
3578 12224974 5153
3579 12230127 5240
3580 12235367 1298
3581 12236665 9357
3582 12246022 3272
3583 12249294 578
3584 12249872 1531
3585 12251403 3303
3586 12254706 1865
3587 12256571 3260
3588 12259831 5096
3589 12264927 2115
3590 12267042 5815
3591 12272857 2285
3592 12275142 4200
3593 12279342 4901
3594 12284243 172
3595 12284415 172
3596 12284587 193
3597 12284780 184
3598 12284964 157
3599 12285121 198
3600 12285319 197
3601 12285516 197
3602 12285713 196
3603 12285909 199
3604 12286108 190
3605 12286298 172
3606 12286470 155
3607 12286625 160
3608 12286785 182
3609 12286967 179
3610 12287146 201
3611 12287347 176
3612 12287523 157
3613 12287680 163
3614 12287843 178
3615 12288021 172
3616 12288193 190
3617 12288383 191
3618 12288574 195
3619 12288769 191
3620 12288960 157
3621 12289117 185
3622 12289302 199
3623 12289501 179
3624 12289680 197
3625 12289877 170
3626 12290047 191
3627 12290238 196
3628 12290434 193
3629 12290627 200
3630 12290827 176
3631 12291003 203
3632 12291206 193
3633 12291399 196
3634 12291595 199
3635 12291794 193
3636 12291987 191
3637 12292178 186
3638 12292364 178
3639 12292542 163
3640 12292705 196
3641 12292901 190
3642 12293091 166
3643 12293257 151
3644 12293408 3223
3645 12296631 3726
3646 12300357 4239
3647 12304596 3596
3648 12308192 14596
3649 12322788 3043
3650 12325831 4811
3651 12330642 4094
3652 12334736 2612
3653 12337348 2713
3654 12340061 3559
3655 12343620 3457
3656 12347077 19786
3657 12366863 3989
3658 12370852 1243
3659 12372095 4163
3660 12376258 3665
3661 12379923 5338
3662 12385261 4310
3663 12389571 3784
3664 12393355 4362
3665 12397717 3059
3666 12400776 1679
3667 12402455 4294
3668 12406749 3726
3669 12410475 3166
3670 12413641 3985
3671 12417626 4147
3672 12421773 3531
3673 12425304 3633
3674 12428937 3793
3675 12432730 3992
3676 12436722 3459
3677 12440181 4300
3678 12444481 10501
3679 12454982 3753
3680 12458735 4709
3681 12463444 3493
3682 12466937 4011
3683 12470948 4766
3684 12475714 4175
3685 12479889 3941
3686 12483830 3468
3687 12487298 2835
3688 12490133 3080
3689 12493213 3122
3690 12496335 4051
3691 12500386 3257
3692 12503643 19346
3693 12522989 4344
3694 12527333 3397
3695 12530730 1543
3696 12532273 3443
3697 12535716 3503
3698 12539219 19531
3699 12558750 4663
3700 12563413 1500
3701 12564913 3403
3702 12568316 4838
3703 12573154 4136
3704 12577290 3332
3705 12580622 1216
3706 12581838 3443
3707 12585281 5435
3708 12590716 3765
3709 12594481 5055
3710 12599536 3161
3711 12602697 3277
3712 12605974 3626
3713 12609600 3718
3714 12613318 3470
3715 12616788 2724
3716 12619512 3226
3717 12622738 3634
3718 12626372 3183
3719 12629555 3540
3720 12633095 18929
3721 12652024 4506
3722 12656530 3771
3723 12660301 3611
3724 12663912 1584
3725 12665496 4319
3726 12669815 1228
3727 12671043 922
3728 12671965 2950
3729 12674915 4061
3730 12678976 3539
3731 12682515 2838
3732 12685353 3518
3733 12688871 2600
3734 12691471 1099
3735 12692570 4212
3736 12696782 19804
3737 12716586 3817
3738 12720403 4812
3739 12725215 3319
3740 12728534 4805
3741 12733339 3305
3742 12736644 3265
3743 12739909 3637
